-0.0008661417116752349   13.212061740395612   70.83664262167716
0.010714417267916347     12.037534713496703   74.46961956762183
0.019614407881633877     11.189025510491748   75.31068754572703
0.034027385215598595     11.289462283121473   76.99674221326663
0.04397331638247709      10.749169200956436   77.01462804711024
0.055639734913835094     10.112987488629978   76.95162387264888
0.05967518585343815      9.19070986037151     77.6944733617636
0.07494119040458311      8.58701257624351     76.93489350826465
0.06644968247474137      8.813608115075144    74.41201715795756
0.08600471525334014      8.07672806683033     73.95870364400164
0.1002422412906407       8.07245860312748     73.34870696981821
0.11217781846261121      7.001563366342034    70.0224649540297
0.11649162598270976      6.585422421558072    68.70671739596162
0.12312063528554262      6.384021971858624    65.98549336764097
0.1399068602585364       6.088131576088518    62.650565444059644
0.14645978563777085      6.032593498520008    59.17539271074194
0.16415554758257597      5.996662707972052    58.106899422532855
0.17155753064858809      5.498610986238341    55.461103691154655
0.17726550858947634      5.770258319149844    53.32132677577693
0.1911657243126442       5.641545085566587    51.93202904052353
0.20354965023051885      4.579920847973604    47.82930584909311
0.20209435755801347      4.575101993899855    46.563392428910575
0.2111924980363116       4.675774348886209    42.92349070912804
0.22606684337461813      4.489982017256896    41.84572448576119
0.24670016169896314      4.182245202849942    40.168581504374224
0.25219755438138175      4.101383897157057    37.80760000240811
0.26370065479585414      4.39886145592124     34.185557701399624
0.2631094562744415       3.897278602200528    32.58502120128394
0.2800258680090439       4.167985854269863    33.02020335086741
0.2826734295916251       3.981178888651915    29.795707872614475
0.29184131759878884      4.2848856152051535   28.46802833973103
0.3101836020151272       3.5654952901397894   26.4992123292856
0.3148939105761116       3.4804255509318702   23.840010838983336
0.3294142203446014       4.26506152797403     23.926128123539797
0.34483781744419695      3.8664458082236632   22.646116787241876
0.3461630164458363       4.824979956353218    20.651389106032642
0.3634516872975563       4.177947239708232    18.781172482574142
0.3665940679239991       4.375758001386908    17.69459373007033
0.3824673494242695       3.3240031097940657   18.825102093565423
0.39600836951338786      3.874654299754129    16.91212800863094
0.40132658747286276      4.5870693003599365   15.415252710637144
0.40504215860441883      4.697884260650771    12.74275376325301
0.4204911859985703       4.114318325943991    14.762557050900886
0.42538798127275235      4.4960501215533455   12.480324290210707
0.4387687238669737       3.851921135869886    11.514981696715626
0.44678311960482386      4.394475471255128    10.926259814974385
0.458259658866031        4.211843223897796    12.265413867370114
0.4702610288810442       4.171114086043185    8.914820217360965
0.47522131725972583      4.263506953884201    9.221230799331748
0.48853517302869204      4.542541785360895    9.462447625027357
0.49632365427776215      4.4667881262376      7.660912385236353
0.5107565154009452       5.4039499455723625   9.500683153968476
0.5173894960015234       4.823407564194666    8.122297298406403
0.5341241056778512       4.132398609242673    6.912357672848058
0.5351761178759497       4.842812974713628    7.118141111123111
0.5507890044497027       5.382123362607302    6.546519689537383
0.5606831735314427       4.869013676936032    6.685828618031529
0.5741777751455956       4.8189442733291425   5.969809121120511
0.5850183626197133       5.3520838992262405   5.403279831565214
0.5965484127227113       4.368872715856358    5.761567569037921
0.5982138427769659       4.996505917844027    5.483266215390099
0.6123416655825443       4.915758669766811    4.738191863651619
0.6210424528942682       5.603813150880136    5.40980914720573
0.6249252060529962       5.393599413566323    5.2525763362546085
0.6341338231477986       5.369404107854499    4.022913525276279
0.649372296301138        5.770031228121914    2.9596689588178138
0.6628326435541096       5.986385768305997    2.4912073817938145
0.663298185058707        4.962452462392493    3.6754408112361707
0.6775115560518928       5.371757518420636    5.240924089338324
0.6867039091714826       5.636080455661211    3.944226819412062
0.7026516098501357       6.772835842384112    2.5956225285146273
0.7074074004391832       6.089047060597144    3.862679111724328
0.7139788046879515       6.503264070046035    2.80986863405336
0.7330823720740133       6.162680132036967    4.1854813435404115
0.738441154331304        6.591986615895892    4.178430957570346
0.7499112057015448       6.770177804402283    2.921558857179248
0.7571773221051322       6.560544894821032    3.0101064855248247
0.7660167975877225       6.146634525358428    2.2160566500128764
0.7739674304811279       6.841140347855124    4.452892971884881
0.7973900916831692       6.649088298214956    3.0345528945239684
0.7986822211822868       6.903152175261089    3.2577953435567775
0.8078319888841842       6.936055099594929    2.3199462384562204
0.8252629357239133       7.842923016033458    2.958366287560474
0.8267581372310695       6.753158685375649    1.731680685290177
0.838852338261729        8.062645603468464    1.3642283207860315
0.8504118195097541       7.50125473622932     1.6841074058628813
0.8589882570604898       8.06002652179407     1.7564411337046217
0.8693520348348663       7.552537338609776    1.9085268031657594
0.8744390538350247       7.552491175303176    1.027708138482053
0.8980263390864978       8.44313057740196     1.4015279947636332
0.9076840007543558       8.893352851809688    3.4119596241245977
0.9117763987352209       8.587908309178859    1.7243173395064522
0.9167475510945156       8.327820132349363    0.6955481397902743
0.9295591287389448       9.169329609069878    2.179907073619247
0.9306138107086374       9.358163450640655    2.0891237483138694
0.9579605755220231       9.68552544328043     2.3975462910361873
0.9691719412209246       10.391850370292955   2.5618769221952418
0.9694997563569467       8.90120539852689     2.231806086985647
0.978568994940866        10.700612860146023   2.1872557171578975
0.9879370318628584       9.955885244165648    2.9396483813968297
1.0060730904909214       10.493604082859333   2.2937888792432206
1.0095022853399844       11.162718133430918   3.665210883158892
1.0206102778837356       10.65485202223408    2.267481818836919
1.0233086071716508       10.842961427143589   3.159950929554718
1.033119824315537        10.906714460559149   2.174009543444501
1.0569530598703598       10.855094049681664   2.6238549969797047
1.06907934138717         11.371863401543907   1.866123352286093
1.076600959036899        11.844714501997123   1.8679424020445907
1.0946582019579432       12.178297221191324   3.0748457634618234
1.0881578314120999       12.169466733958021   2.1421604370007064
1.096209268294944        12.190663590314005   3.718023073767742
1.1134545644491454       12.81340169490857    2.7648409377039505
1.1228672760653922       12.90635133196936    1.8646720049006238
1.1313820448806966       12.738686555711265   1.9764655740088075
1.1484532031826369       13.215271341042444   2.169614977670856
1.1457611663878673       13.075578220331156   2.486506528032609
1.1578575291743498       14.034156062846307   2.7905061010914687
1.1640114612568258       14.588557733618053   3.4383747088789582
1.1762490102291254       14.722584565322693   1.6993814701436676
1.1888188177535002       14.014046982246755   3.6047208585892534
1.196660102692973        14.428588344964151   2.867856410859613
1.2151036633904635       15.64842832488227    2.6136079776244823
1.2267403812117044       15.611415928261549   2.7354138539359574
1.2304090534454475       15.915192989642884   2.4915889303484637
1.2457221124629256       16.6195232560835     5.26505689734692
1.251242298118026        15.833116371073581   4.582388341389154
1.2610218825325983       17.035643089907698   3.9983154462151305
1.2620089758617183       16.649642650698045   2.886261643161234
1.269447408084752        17.22677366330366    5.642196128259576
1.2919948752410706       17.107667372269685   4.250185478805545
1.307345734475437        17.430234787896385   4.48286019049957
1.3114540318508439       17.061390060990366   3.9725848278676104
1.3158732544653147       17.744853580256823   5.7734514037215625
1.3369032736068245       18.35787288126604    5.9552579493061195
1.3321326028966836       18.467988725688464   6.924724367967375
1.3525463092585837       18.6793036348006     7.721724229806823
1.3547111800249716       18.811608102992583   8.045305555632966
1.3713720507306644       18.916397254311427   9.567489773428651
1.3838184812451413       18.909697191665973   10.351688736445055
1.388526799134898        19.104076557030286   11.007959067946217
1.391272291002585        19.36552127382164    10.032692740597916
1.4061804246829923       19.891546055247446   12.679794895300574
1.416795659998187        20.242766757886542   14.115205282457225
1.4316965267361976       19.572841318601505   15.5400718838412
1.4453403406919731       19.965409931061092   17.236998066404784
1.4549337280930608       19.59293675900262    19.770001181689715
1.45891284615453         20.051507541595043   21.13720157553166
1.4700322402022825       20.317221041006885   23.4820154806287
1.4777418605271415       20.32727160866255    27.148418569440537
1.481896149451618        19.341066248888477   27.77083003995316
1.502412602304567        19.56853217727668    32.64916714853607
1.5114363837530698       18.840164175706335   35.00956129091242
1.5147732927862287       18.875522330944314   39.056186063520656
1.53247324691692         18.57792343767891    40.89892990660376
1.5439029173950527       17.773619216438252   45.38835874737193
1.5467614401799206       17.466129307425202   47.69492646578799
1.562614506616909        17.706097097384237   51.98497024965004
1.5581920831833904       16.058781797856767   54.32327244099721
1.5822560877737122       15.61693567890894    58.87481681874019
1.586138196415041        15.562618301055545   63.92016890896794
1.600278355498357        15.042185936249524   66.71962352787135
1.6114030167112414       14.147496343251534   68.82965120919093
1.6150533191911807       13.367812519329176   70.26974432217412
1.6263435500157841       12.353941634973      74.4407421422945
1.6425893863101457       11.76069351847228    74.46786318931242
1.6533769449181845       11.346904663735078   74.99868309730728
1.6695754777875764       10.541252361697772   76.10473504591359
1.6703830041156058       10.373735570549012   77.09246459887187
1.6810205301626164       9.742677691278478    76.55435660890534
1.6854707240104472       8.801689100293082    75.47735764491804
1.7031818964226921       8.728824472267927    76.28527928981224
1.7088981775155776       8.230960197697488    73.65157857812113
1.7194722960518731       6.97376010222503     72.82415398722516
1.716959371417338        6.927947625124465    69.45119240467297
1.7361396236735571       5.9216302419570015   68.8668258535769
1.7503901058032971       6.737035883785128    64.97850647552565
1.7556099488888481       6.591272061612019    63.700662256974304
1.7766932258832173       6.180431528057133    62.23344172544511
1.7738349497510926       5.3799909722428705   58.6389682035398
1.7850928416931615       5.750018644276471    56.694835497466926
1.7992203582437876       5.135446259284721    54.441381434907306
1.821941418501272        5.319001560959972    50.53052921249005
1.8203524672489524       5.730242885318538    49.751597795649694
1.8222049996120435       5.262722575198801    47.103792441301366
1.847139562677172        4.563168074807455    43.317631034281135
1.8584982406868469       3.4371182806990155   41.43668051896365
1.8590998622288235       5.161192785974335    39.936788691173206
1.8658664537996243       4.807795420743432    37.53326038252577
1.8789175413704617       4.666346219874932    35.507379848105586
1.8874131722367613       4.487075518789839    33.237326825906
1.9008652741629484       3.323487462015752    32.7315794379185
1.9096637195986668       5.211929910262739    30.481571914023498
1.9208764088438963       4.414121137745109    27.714374222827537
1.930115315922541        4.805992750208014    26.980121614420245
1.9378760435157851       4.213508848336526    25.86940741470674
1.9538291372091945       4.103240855443756    22.970978830117566
1.9567869896744716       4.128774465068257    21.37688495988262
1.9764457242806215       4.086941181258872    19.961397321539685
1.977093989668916        4.133537204325498    20.820966853829475
1.9880045686143129       4.13963815395927     19.139503901841216
1.9934270593504564       3.926239913977039    19.13538519415805
2.0080778636335985       4.0917744277186605   15.759803516016236
2.0132916755446746       3.3125291594935065   16.79514325020514
2.027241239889108        4.328353152953476    14.61802175880025
2.033120804019931        4.779954725995536    12.996592713949255
2.053276542689681        4.277235897581403    12.871254826845252
2.064941590087902        4.064465490035338    12.194706214168063
2.068148930052173        4.088494422380356    11.96417736072665
2.079400412391472        4.47536733444615     10.946947846737764
2.0855353174695326       4.907354729339944    10.598083205775554
2.1051783718470074       5.379041616373631    9.274284308434158
2.1113259144691607       4.658368665500279    9.253358669871801
2.1173994352568717       4.665378754207898    10.67399838626349
2.1261381119571494       4.5897586001020265   8.464133375483728
2.1411284527549213       5.237432421980745    5.5717700720252115
2.154281219202487        4.8207166395758385   5.636033840293607
2.157629377361624        4.887659954869051    7.3918598392177906
2.1692662232834317       5.210127236069648    6.261515567429653
2.1703927854180507       5.106476980656625    5.826520745325225
2.1863661673231856       5.084833753098707    5.834216600403507
2.208084612988682        5.2433968110339775   5.905407203426854
2.216259123113769        5.1675854737016875   5.159441736233657
2.2205727683645273       5.048639712133121    3.9797937861186075
2.2364116623580195       5.361041769158546    6.029372679750107
2.247467485789034        5.198356603370164    4.080687172925956
2.2494425361837065       5.502194521617054    4.726426513574724
2.267247558551263        6.11394932292807     3.04626540203566
2.269223553271437        5.7059562432827216   5.227337433480593
2.2793753494402256       5.3457711619441906   2.446430982399054
2.291494807967027        5.45577716337675     3.2356455727943927
2.298033658101432        6.0237960424740296   5.39195279373872
2.3032311996560235       6.66051106622792     3.571608646697596
2.322469751800895        6.172315770424445    2.0434606223978244
2.3274151648097052       6.740380544004667    2.9595495186857
2.3502568894637625       5.683586077678608    3.540707985163805
2.3435786524084943       6.317075500252848    2.5509731454393476
2.363138532964664        6.9075719371242394   2.2402060222716456
2.374203992450638        6.543313140279623    2.485240055005556
2.385462347301665        6.204898873483099    2.2120976863823625
2.3972766254910334       6.3611063624807755   3.0441525528979367
2.4005750396753376       6.9864242048792935   2.8591336916362393
2.416664228216277        6.698578943905726    2.7846095370584996
2.4277189357353492       6.6344186313864695   2.1608808404604924
2.4274169194335733       7.318235517538746    1.807151433475999
2.4395743544439674       7.945932313978487    2.0400519267766333
2.4504365185930257       6.1262927738432555   1.357579724163339
2.462020832723235        7.596948411023454    2.720571936722603
2.46465299179466         7.993426559904026    1.6022287467369172
2.4814760376006753       7.540524963855879    3.5083741075345074
2.4826093215447367       7.885419934546563    2.026099805309658
2.5059918175192073       7.97613650787854     2.3520348642194246
2.49588126595657         8.604014474979923    1.5433636135320543
2.515052140728811        8.37603519895662     0.4338946265948769
2.5284174387268687       8.832047801366176    2.3451686042228084
2.5387136247162347       8.32093323322971     1.4337553585562186
2.5559631901745803       9.35031921578968     3.041134292897266
2.5650133336086363       8.843871462517216    2.5194402990598905
2.574850512061227        9.163693282103058    1.0348002348046714
2.583960566571489        9.653425492575343    2.794622719686985
2.587534304048627        9.94403794127708     2.4454847027268882
2.5953647343677297       9.234939179993084    0.5429493166457002
2.6072643926713677       9.73908209402458     1.539638111531647
2.6125574115810717       11.741300246449002   1.0610207863836127
2.632439882106201        9.54537985834987     2.0404749695965374
2.6408223338748797       10.605749748573034   2.2314530827262917
2.6533835484018606       10.838000157492196   3.33077818267615
2.6615679156665557       10.804861187816162   1.501888790228815
2.6764444085732326       11.163128968894908   2.063970857908327
2.6838731804565032       11.223519384866687   0.8592800735393418
2.6914019773958833       11.8732247402022     1.4319553282703856
2.7110318010960914       11.340784228568236   2.8198603415567973
2.7112205641434293       11.407484851177173   2.126983924889022
2.7161935473559726       12.247618348436744   0.2189425724967804
2.7311371679465486       11.385556114667228   0.3353715727619839
2.7468097985403377       13.003499579490988   2.851755148823541
2.7578358821812063       12.87267589505985    1.2397183503742464
2.7631892358887122       12.76177222045696    2.08341544900914
2.7712831093262595       13.777252880562735   1.0307567324189109
2.7857590366810214       13.208310394808723   2.417466169723247
2.7937204654168086       14.269680871822697   2.3646354779568814
2.8038596791836183       13.975936777116884   2.17653164900436
2.8246995092443257       13.912870667945644   1.6893174237414599
2.824793904423373        15.23597031905198    3.7916585748157234
2.8419101739163994       14.780281440164352   3.2887206152073447
2.8404610454209545       14.887025706822353   4.672660447837165
2.8528667714880105       15.284373041517096   2.8657986440257597
2.864291111032904        15.537609321022464   1.5304310436057458
2.8734713855282505       15.934028245892579   3.6979584197330424
2.8814358744967548       15.673807930715778   3.4029486906726873
2.8847294068514167       16.139638276924153   4.608863940179213
2.906229470119637        16.065814069689935   4.993533309211145
2.907541557488424        17.739508071495216   5.709178751746977
2.9265564634456207       17.228679806754414   4.9641354462767895
2.9275111092404535       17.58609620233237    6.715997974425652
2.939484189101221        17.418379915534597   5.397436013537844
2.946918045726354        18.604658838521743   4.259823781672813
2.9669537813125686       17.557199607364055   6.515480729674159
2.9669854648550715       17.982977607017986   6.5165760715738354
2.9899226644065373       18.41475506857505    8.455754044760663
2.9957501255109227       18.700197587776646   9.70042612225044
3.0096347919792477       19.26920017650527    8.749685748656084
3.010119997734093        19.768608418002703   11.674940521907335
3.024485965080132        19.406945840425003   11.590345030643396
3.0309603536526026       19.32610419529108    12.911111841997949
3.0423918309837688       19.73759428848675    16.46536058079842
3.051426645706936        19.44744523752358    15.721586870311125
3.0547997237807425       20.072545389222014   16.88280194968853
3.068842439432854        20.213939349750383   18.851400925727944
3.071748875206367        19.967669520854848   19.818623252370013
3.091297304143062        19.860740641529784   23.102525300612193
3.0918264291049544       19.8107899325083     25.52370018444589
3.111794162245692        19.516519185141263   28.031920007249465
3.1138551845230023       18.699422352511423   31.736876693352514
3.1332726180285078       18.721409057311977   34.65167474857253
3.1380870089045314       18.740965032502206   36.66093796566387
3.1518370155756394       18.24614606019099    42.424177941197286
3.1609823861062347       17.955752092225822   43.841318092054706
3.1752870167312697       17.92951963779601    47.317760212930146
3.175668317525815        16.790680331451473   51.74386265021547
3.1914105675114417       17.378536098601646   54.47913518313867
3.2075603364053724       15.85519025430937    59.96237523942957
3.2137644389719098       15.547246576402356   63.51960509282834
3.219332320804342        14.617225998120432   64.43141849542265
3.235889128247622        13.330534959737111   68.54373214316745
3.238603846389998        13.669652502654737   71.5970336290212
3.2537214107839136       12.98403977815821    72.73361846262961
3.2668381738802914       12.037276510790996   74.03717618558785
3.2840834170674227       12.003167140220528   75.17670886528714
3.28567839159629         10.115465438594503   77.72093456292474
3.2957586917389854       10.9452702199166     78.06382994223198
3.298099338540115        9.819340388274128    77.51260374116266
3.3081802352683143       8.757312732965806    75.96356546029415
3.321346402999806        9.007461625995942    75.7496034478253
3.3183388226224158       8.221772549904673    74.91094683572248
3.337978726092272        7.464307472227352    72.6650612859256
3.3447134671457714       6.919415112559163    70.3715581458104
3.366435058386385        6.7401285997387195   68.8003310597203
3.3670713434405957       6.761780147858863    66.97380226513984
3.3830226975352873       6.674321887988794    63.058108089025254
3.3873762979557425       6.170687769399194    62.45425787718855
3.40192344014292         6.12825295658837     60.61182473292146
3.4055687464279494       5.382547715084706    55.92751717990218
3.427620355757741        5.455394730293321    55.650113146186975
3.4397496700769614       5.82624552391692     52.89497638919965
3.4411187997508046       5.44075245825143     48.335272932244614
3.439969345564124        5.2108079504734075   46.778145559830456
3.4583959972623544       5.2520936414558355   44.576014690705954
3.4738696658017343       4.361733474523373    42.377264528249285
3.484463681189548        4.437693890784708    39.635603247557555
3.4863555273363103       4.048487397970168    37.562126590519
3.50426858918647         4.164043414152438    36.23273629332356
3.5112228862871935       3.686792941410646    34.7488777876656
3.5221421499633316       3.96086043920571     31.431507067750676
3.5331246018892273       4.853215385885052    30.57928838696166
3.546332457487084        4.329897779757894    29.13234070095217
3.550376460724153        3.613424002408448    25.227988184189098
3.5631155027967107       4.616938969976348    24.948037871731408
3.5745032945625037       3.549941692993548    23.447282876459166
3.582177860991589        4.471753563033882    24.168853061420393
3.593123320688028        4.5810299414969355   22.628562330911567
3.5988338149112615       4.223914534654527    20.246445633052954
3.6024110983003452       4.091375438842421    18.80150648962675
3.61465861071243         4.389942120233122    18.582136542150568
3.631596981676147        4.08936288674341     15.251048738586718
3.641788798467105        4.313022697907583    15.922217681377287
3.648672642169236        4.146870440595375    14.683530953645123
3.6645370626573235       4.341649306842113    14.284271007567575
3.666422789948626        3.8210466998588513   12.96932157049075
3.6818688045680568       3.4305837807123742   11.70891789774637
3.6823225021979624       4.1781793420576765   11.606156653045115
3.7042080054823576       5.124535963361987    12.811959453276536
3.704075653216805        4.549085858252211    10.133485021014593
3.715899668166143        4.263768262875866    9.408566302583049
3.737250340444564        3.9578132129766757   9.73885611551052
3.7417290024231558       4.861175508868884    9.225644971595708
3.7511257368131217       4.2580028256262015   9.131497813020419
3.7644521351417493       4.241791957198495    8.798994139452404
3.7691991188819283       4.378791137499097    7.937978338282308
3.780728833087025        4.881430066800816    7.446219087941712
3.793618644724521        4.486387256454924    7.7185402583852145
3.8094773731665414       4.901699883688843    6.518658417921436
3.8027756621389948       4.900932535099628    7.122623294137001
3.8257876200389296       4.962412480547544    6.653625369014272
3.8340304639709837       5.267644778989113    5.45776795632191
3.837063332927565        5.237473854069483    6.8586572547514155
3.854141347908325        4.454740105227989    5.8701500780239835
3.859926576883734        5.1719248741910135   4.811224234602139
3.876837209093697        5.011899203040373    4.086712359857646
3.8811515547229045       5.363207615138859    2.871284838679472
3.883425193081255        5.34583815747078     4.186591503199247
3.901759596207198        5.40147763437939     4.3159564570145
3.905177811087297        6.014027166962932    3.9543783478853354
3.9198538552607802       5.424054545339613    1.6628025383777634
3.9290715896296393       6.150074561247577    4.510077678492618
3.940812994190126        6.164430219621441    2.4050087796049207
3.943156480811276        5.0465408806579815   4.008393932471289
3.961447995539966        6.827669598375767    5.049669245170357
3.9697490688194543       6.611208982243021    2.4479805581534415
3.978103183137667        5.813672004621551    3.2251026049153166
3.9857876596100863       6.455927099907489    2.5519568429298505
3.995945668629484        5.950175607315088    3.4349476320365935
4.018376029573215        7.221743067327835    3.7151480026469974
4.0236629488919835       6.840431805040424    4.113062943868549
4.023953826587372        6.615836797572736    2.0359087349954206
4.042453412543879        7.453364664758159    2.7019175464598346
4.0581118448200675       7.7039103428154      2.0557978613259555
4.057634293694228        6.501430113475978    2.2539294089337303
4.068579034209398        6.727157546376365    3.088217970251805
4.0849323464203025       8.286201341797971    3.4151583088719217
4.091759077174463        7.708492523332212    0.9939560318793235
4.096369093672258        8.329447276931006    0.802107706543693
4.103344109558582        8.189091473440017    2.9495354477915807
4.128131070739064        8.055518640091211    2.5830753787062175
4.123158374095796        9.150217875356313    2.1539208237413425
4.142396569913434        8.488784933557769    1.3266093505961936
4.151576695424452        9.135842463419419    1.2112677307783857
4.161210928476007        9.621440310153115    2.2087251950145204
4.174170720715117        8.792178465133407    1.7085332850407235
4.176460885000446        9.35024633783797     2.558632214903585
4.18751175042424         9.402593623122865    2.473756421997109
4.197739999127075        9.206521373715065    1.2352161794675078
4.208169866593654        9.283631583277705    2.7722763073517136
4.2253214213515          9.94882641599344     2.1620626020900198
4.2352769867233215       10.245002685639319   1.425630384185016
4.248408645633678        10.18362593824493    1.4821949936441574
4.243198332276038        9.304860911519468    0.5497113655875603
4.262245286914518        10.788080869339376   1.7691659076802952
4.263559297592229        10.823956247746553   2.1497068021866492
4.281363710228165        10.628853104665      2.6160324298287394
4.286272165096944        11.330723980197442   1.255872921149923
4.307979986592024        11.952832147885692   2.288895272857334
4.3104535563917565       10.946308291570608   1.5336427638380006
4.3119532016710975       11.759000836242162   3.5360771009395693
4.336407623356136        11.274726348818952   2.26607998449258
4.338039181404356        12.242823307809083   2.643025790436036
4.354390794789303        12.838193253780963   2.0683809765001464
4.359133255536574        13.275844519467064   1.9034705138172396
4.3640653059759265       12.764189135830183   4.451791637604647
4.387225699396789        13.045509138725949   2.4008625646189663
4.391337421917392        13.499491798104813   4.050391211309718
4.401896692676597        14.065300862587758   2.6239343656522727
4.409308359995282        14.040220431547867   3.639356379182485
4.423996695928753        14.356682456323131   1.902532917685691
4.4381383463637425       13.883714079125722   2.192928059924652
4.434006565939022        14.376892699280646   3.0111966877004903
4.453470649185183        14.48477696507874    3.181187506292231
4.462141828209762        14.848965887538855   2.549803465111614
4.46954550487853         15.397319754643403   2.9374559855325244
4.489674755657495        16.141343860350965   3.7476527102761445
4.496590480415046        15.559265649623596   2.631539919748076
4.501253105760871        16.432574829883837   3.4690006084226983
4.517316700293669        16.27826057193478    4.658587449677285
4.521602142869374        15.889423261719234   4.53065331346573
4.5318866553147465       16.9193040531295     3.3709221247598533
4.54852667412746         17.488264406089755   4.03692578146715
4.549701424180615        17.234877966453777   7.6220171072137735
4.556314075253625        16.46929446793539    4.785453150259384
4.566917629914133        18.130488408947073   5.809931863252279
4.577460820791997        17.55017616331929    6.017946624383334
4.589233067008048        18.419652887613555   7.519259652035192
4.589295299227817        18.859469584382172   7.163386062934014
4.602733091389855        18.65027709118233    7.858235359848892
4.612684203759836        18.915861066265492   10.741722189774787
4.628370600004292        19.959870827278248   9.353063116851915
4.634979991145982        19.069301198756857   12.024632783437333
4.6461152929664475       19.4646493258502     11.903044208792524
4.653970953689752        19.500417976339186   14.226283789609859
4.67188501353847         20.113777060651916   14.112401139745971
4.6819297871614785       19.7932653293975     15.116587106796919
4.6894344524592135       19.36587574687332    19.205590034333618
4.707359114547713        20.31322336505701    20.66776206424417
4.714867577728065        19.48206417045036    20.982938112491556
4.71153538708669         19.540614446825025   23.56845423780855
4.726376604434274        19.49182740246111    27.89652585893449
4.740597560798026        19.909363689474294   29.64671742697401
4.748135959393226        19.114427363509858   31.541196447442125
4.758589674009656        19.042223491309937   36.53548055882425
4.769915076444423        18.750939831740713   39.217346278985076
4.776976125160458        18.987343438795794   43.90059036254296
4.798620314505351        17.26202194188369    47.43801123898709
4.7930736918686705       17.076186063442748   50.202843858465776
4.802128282269319        16.80447367682608    54.219601664018235
4.808201788006319        16.544103257230567   58.023141905387455
4.824917576616677        15.465032275015592   60.53736255308819
4.842986606669551        15.353544485833472   64.90026763776943
4.858186847528685        14.134175076493404   68.17383189414367
4.862858512760609        13.593912131214948   68.60164653824523
4.865249129575465        13.419699292557501   73.13557888164956
4.87883731360833         12.444848081646965   75.0668826291572
4.892628159064511        11.308670913583216   75.54998652302618
4.904908726970144        10.428368159007906   76.31057384453155
4.915240454323135        10.36133012124188    75.75026907039523
4.9150820463620155       9.567593070579933    78.37203614671307
4.926088829717086        8.874699678448536    77.20761410324347
4.945890780442452        8.601401999547727    76.4115306458822
4.950825004504914        8.902098101642988    75.84066047738067
4.963697909273135        7.455756378766705    72.08512607812058
4.973418051801758        7.386335680818714    72.83242233729347
4.984123890313861        7.59489061949634     69.8516214520215
4.986770860545739        6.214605098454396    68.66373069748133
4.9937202589773975       6.567944475269468    64.97204473480167
5.004339618012473        6.246120923856897    62.95984997439528
5.018720667490185        5.857339385356072    59.25885628565751
5.028913853200699        5.402485014288275    56.23228897533319
5.037226838144896        5.291131000084589    53.922459481273954
5.052194541055682        5.481055552705972    51.482609675986176
5.053959058226205        5.459853951400774    51.044580788199426
5.0675047403229305       5.246866545507445    48.324585854597174
5.075388284900433        5.293935433110816    44.95685444018592
5.079793674999144        4.340480011859738    43.437956184523365
5.1012832908173324       4.8502493303563226   40.70188575331353
5.110388384011881        4.459245776322953    39.13839235821565
5.12178648615852         4.3674724298470435   36.8786403058333
5.129312372020534        4.678070807320618    34.99944138102874
5.135043925056008        4.62635005191545     31.467509955556288
5.151404972444352        4.269460562856911    30.908526919419433
5.160264156450855        4.100708922525544    27.484190140245122
5.172393413720555        3.69874941429793     26.275412718597405
5.177548219547998        4.470886201590799    25.84918123131782
5.183290160325402        4.259648637081211    25.433532465127723
5.207439695690837        4.260614060176692    22.90575737049508
5.2108435490944345       4.7753977816736874   21.251323364149766
5.221203206555005        3.632531858904676    20.992807517699518
5.230971451993218        4.14005353342585     18.401591580077554
5.249165692205473        4.469463326477722    18.78173019339917
5.250732266284992        4.43064190581312     18.234644953076838
5.2547991836599595       4.446175406039273    15.93988944625162
5.285069656286624        4.563134154406653    15.620722622338725
5.2781323999145995       3.4940624010754333   16.60430242767838
5.300176227899756        3.536120373219421    12.806496700198535
5.292120086573362        4.11124619060881     11.244621527390517
5.303525377286661        4.536092832287972    11.47286526364689
5.317126419413981        4.401223843690349    12.800673480465743
5.334562562590088        5.005327716500098    10.689774427103979
5.331980852717525        4.3126563462694465   9.75371649066393
5.351946593719428        4.347399398148574    9.743957120200633
5.358871220088486        4.70337680157776     8.62891871629157
5.375069692291721        4.610316731278705    10.719722475354825
5.385929906338911        4.488914155488433    8.33869493542738
5.395084925598148        4.53778949390051     7.066164991585058
5.397319629466169        4.442215835499676    7.133974180071699
5.416183980237387        4.36438066525641     6.104968382179352
5.423996786369401        4.506893129063398    6.870969851887196
5.4262499177007575       4.544911364958028    6.493929070227977
5.4392646179760575       5.492323654665364    5.835383983035522
5.442760268157794        4.734383387132818    5.490501750451921
5.462975803045402        5.948031879792531    3.3805334980931456
5.470009326821145        4.7243878174353515   6.070680734182513
5.477514749923922        5.468413280024394    5.2367972042440964
5.489729635105787        4.924149228206182    4.2837306965347635
5.496396114064475        5.113159911936018    4.185950734947715
5.507221312964421        4.891798274298283    3.5155736765492445
5.524157008566029        5.511773572791752    4.618188381263595
5.528485612165832        6.05975859785959     3.9316828130386567
5.541168040352875        6.094482064984291    2.884681554224551
5.544128350056207        5.135827713166217    3.57132118794814
5.559844196997119        5.936234413039008    3.12376177716641
5.571428620213909        5.805014008111339    3.65370272501847
5.579868669207297        6.4031543421316846   3.034681076403321
5.5945409890858535       6.576794857292461    2.8884989027753947
5.602999082095553        6.55546442774017     3.7806355362720487
5.6092279724160194       6.426422990039267    2.7416741854276214
5.616901294380582        6.910986386852564    2.885834632082754
5.628393668201715        6.581581531435735    3.434124849934127
5.6298401155486975       6.070974802306981    1.8379926335232002
5.65659931132334         6.738587517746028    3.268779949798993
5.651384504696843        7.145032708133887    4.264692752984317
5.661103088664082        6.813782591179962    1.6562984043920956
5.678299291044296        7.19384836443021     2.6784837234407344
5.689378435418573        8.381080173864571    2.103957830416623
5.700157147698065        7.42319389898946     1.6429303784083074
5.707916006625913        8.754209194062673    1.802681521764658
5.720964869409279        7.833482468709544    1.478914064020436
5.728406343000818        7.976048923833013    1.3268894299054024
5.740036539311396        8.127498616134988    2.1045893578407675
5.749255604219213        8.6767106158721      2.6704663122063885
5.760052190984039        7.85088380367804     2.7346277309103795
5.7711509202437465       7.979686157046933    1.3941269417253555
5.7777129986980675       8.789962061820802    2.111047763571401
5.79122743417039         8.269084568464555    0.5041030092902079
5.794843739839977        9.150968595940057    1.1851763458544682
5.79858547499841         9.420357586218058    1.494766270420179
5.8155659602445455       8.970783518187508    1.4489733815310295
5.833308532614012        10.221594672541624   2.107576975757221
5.842172067993936        9.919179129817742    2.5981642368602857
5.844558326961252        9.61048534503846     0.9442106686872502
5.857642952227524        10.520398439792151   1.775220457073306
5.871246630021376        10.744446089009347   2.7250984363009687
5.88603573342581         10.447494586466338   0.7138326000889883
5.9002680964576          10.457882200870007   1.139842646710401
5.8940990718871396       10.050443901281536   0.008719215259269442
5.911022733907124        11.163943648724306   2.1721537401124458
5.930202443608321        11.813278528027219   1.412481269904991
5.928383721662844        11.75479483017288    1.7815559786350492
5.93892682053745         11.432999619083192   2.1382630204858604
5.9424146842205205       11.950820137328245   1.548408542398351
5.957781256680128        11.964664262819646   2.513165814309857
5.973694505808744        11.806233316349807   2.1217447018845506
5.987162978278564        12.525122043850027   0.9945379981563252
5.994235573911241        12.769652007380579   3.2153391448683974
6.001567788380041        12.799114594869762   2.1391971576684026
6.010618436077733        12.746598049076765   3.535319235579819
6.013781730573014        13.851717681279476   3.4467582371129226
6.023649608209392        13.126862328639469   2.84091739732033
6.0338544030978145       14.116813236593599   3.0607131375439116
6.0544551253867525       14.944061772252457   2.6878417338042766
6.059229229428063        14.42117892472334    1.1260061231700806
6.063513243642393        14.75717838697634    2.7243738746308717
6.081396635659431        15.152805835322328   2.3385899731920947
6.085717538314642        14.948943105779986   1.8294026760402713
6.103024481583361        16.118594851832555   2.810572167434095
6.104306993210712        15.822901756368942   3.872095839393327
6.122516647195237        16.62974016443814    3.206490301266485
6.130041963291974        16.405355492163142   4.247575595834117
6.133437375296687        16.316312932823806   4.3062106522418135
6.1555056653246565       17.11516326511649    4.698521531327296
6.172507081764485        17.207833590563716   5.185332196711288
6.170959682785671        17.089541715881463   4.443356018161454
6.175180416936371        17.53398588320666    6.031892359694775
6.1928415512173896       17.532270048952565   6.196073642849047
6.202545796010095        17.874839069602622   7.790858157833093
6.207266717706913        18.174879726097117   7.27967371439007
6.2221870873056355       17.933828155077528   8.967088587588567
6.234189675931533        19.047144487499512   8.222281043014501
6.242039811272518        19.459365737908197   6.898386192910641
6.251760893859931        18.590220789579224   9.807264407279085
6.256448113668663        19.34600860036069    10.759592597382666
6.274382343680601        19.637370914703716   12.574346801723076
6.273485305176483        19.421712949951004   14.279845094274204
6.289872630895616        19.556829642206726   14.163129644030075
6.29985393335319         19.79903042030989    16.87437427533502
6.3140961855710644       19.748849980054974   17.867006677015578
6.3245850784237785       19.55718281001626    20.07754755979958
6.327023338137668        19.71532040153201    22.41892848421356
6.349811328309406        19.648859974359215   25.654269023766965
6.3463040857210125       20.050257406600007   26.16624932505545
6.35851484275418         19.280159652356076   29.561054861058214
6.364710828768018        19.918438461470902   32.444878890186004
6.389768942339931        18.642702970740164   36.87123838625184
6.387732240285495        18.891308608127638   39.42253106536364
6.398182074512243        17.712072453837578   42.48581790735302
6.411442375904719        17.739716625456488   46.080731861380336
6.420887589060596        18.26131746121722    48.50870989017057
6.437513610663891        17.032033005011254   54.13706958778022
6.446286362669035        16.076910400086767   58.42596453965949
6.444205284187014        15.893464304900636   60.428539951857424
6.4630017169873355       14.769532283814632   61.937761331898884
6.46990674871619         14.27563233662673    65.98694446365384
6.478433832863133        13.525104373096983   69.63376135252624
6.492403620948684        12.706051897658295   72.30460668447083
6.497085053198579        12.814599644957672   73.81848498042619
6.505414872682769        12.115669215041672   73.89372672380446
6.5223045048754456       10.673965637530936   78.1545322895103
6.530941705769304        10.978836351244036   76.93280062708051
6.541088805618792        9.798491385385933    77.0925131885111
6.5546403642376045       9.19470056381567     77.724375992223
6.561178886374577        8.937845749200072    76.61313664905923
6.559582707880805        8.600495090478201    74.4016082503627
6.573320745732199        8.372755381010569    72.7926786405756
6.589638218043988        7.633838074783281    72.97336335422348
6.605187868532576        7.2065865088603145   70.18484623152321
6.607511480743114        6.930372047724689    66.94804021326894
6.618151725656534        6.436759321983249    65.85334013767043
6.636185664828894        5.8588385744129186   61.650082193226844
6.637988372082869        5.67063974897732     61.3714835451187
6.652108099016555        5.807830894767134    59.434175418090796
6.662132228309376        5.398978771033261    55.82761822648198
6.669077306061336        5.82761396031384     52.895390057936325
6.691381143736055        5.761650863288583    51.12144040026635
6.691791759712032        4.580453143897283    47.52257165916974
6.697042818963658        5.135167850776706    45.726035021126506
6.710912234340553        4.760307222795499    43.277156334730336
6.71810692624676         3.8572782561353804   42.93581728660332
6.719488431618968        4.040513578353808    37.91196911943939
6.729442113582484        3.5349653642619527   36.97939144954572
6.746153762948109        4.604532498406122    34.7753225334439
6.7655092334700155       4.408494611943393    34.47218520451031
6.768551629606123        4.257558560758389    31.35198692488452
6.782770336781289        4.226863810793366    28.88610431412202
6.793121026651542        3.9190855521439953   27.981628750808177
6.803667184020378        4.476703478326888    25.815827573527574
6.805919090101332        4.174086096947529    25.14514140483991
6.818538355207492        4.049473793666919    23.590078796481343
6.827353329580716        4.005854671155309    21.475400149315078
6.837420531306596        3.651098793206965    20.71566192114733
6.85341764743794         4.077818071788928    19.335190580209545
6.858288175317119        3.9450094466608197   20.023415942846185
6.869492218137373        3.9571936497153946   17.225292181352657
6.880493224398273        4.181750233261482    15.057330864901113
6.892786289400087        3.0907534502538057   16.209261892415427
6.897020900853889        4.255835405600426    14.191700339252348
6.907693027438619        3.7493774716308756   14.150226491128882
6.915943879465082        4.274970314269943    13.625625393252916
6.926863165927535        4.075182132992675    12.500022566567585
6.946040215151454        4.295924659186792    11.038112955672469
6.9587062655170095       4.279591904134962    10.850274827632918
6.957684607524719        4.14374127793251     11.24782925584478
6.970509260434582        4.762295117479515    9.770176091489922
6.98442731105498         4.233435476967643    8.955067969606684
6.9980232278672          4.624258295725395    8.863231863188092
7.000853100645556        4.657814251814803    7.400055056926108
7.0143876719307405       5.100848109773089    8.674198816168179
7.01500851468914         4.255733396819504    7.717147495236196
7.0259412096605525       4.341176910961634    6.844339088982799
7.045773050056888        5.245436774815238    6.955012820505882
7.052428287478563        5.270656391936525    7.319984973361236
7.061879574475326        5.1178329303218035   5.715284741721851
7.07416388686407         5.068392020951496    5.444476704682442
7.083281366324552        4.771335317346687    5.656978181969224
7.0899316802858765       4.763687886380512    3.0777459796288236
7.111582465684977        4.988450308047728    5.2709457570197635
7.111378129261648        4.6036770942096      5.750274207507363
7.126144212991207        5.495498972596846    3.714982598726392
7.125426838342918        5.7502428206346945   4.083023277120874
7.136816759326832        5.155554962188145    4.480336861679775
7.147397669709848        6.25333917329246     2.913740632106995
7.153767826012383        5.613814151133625    3.884258991171952
7.168150806642532        5.636051940822294    4.3770114877601864
7.178262089398106        6.053667831340801    3.351997508072011
7.188820082357575        6.704084192993938    4.376661089380088
7.187528154083931        6.034931843124108    3.6773034349609026
7.200879601891401        5.953368490160096    3.231444681811106
7.205017162076216        6.556188859621344    1.7340015401012296
7.232005875741666        6.003558241604541    2.7568993236150066
7.236495942494705        5.99319129647873     2.334679397600121
7.25475116363507         6.074851626217314    2.528297013474815
7.263664479927409        6.667983594548783    1.960189770768681
7.270215958196092        7.846862687462222    2.3776473912748384
7.27807950774985         7.597660263611846    2.952943869397789
7.283039701391881        7.007644113018781    2.1797240740323205
7.302385435208922        7.68587722997846     3.4003320564132444
7.314322214035124        6.7987347235803615   1.8502445061723596
7.317544735296725        7.6535071122029645   2.444992570503561
7.323104272808113        7.705112177822933    2.3802338768543656
7.3427091954742885       7.597332539038538    3.4548477583625528
7.349617591645734        8.050281890089048    1.7372593240721381
7.351845229275173        8.073895208423561    1.60307803984158
7.3650308873797306       8.175961231720004    2.704616552373095
7.383703197506116        8.494219716548166    2.211540242566464
7.393359076331306        9.051134915216467    2.1301150195589162
7.393782887130855        8.34599745225855     2.5062074041371307
7.40209043942354         8.891690007290746    1.281338139868542
7.414680364129384        10.203065513496215   0.06157746519542284
7.430566778949035        9.089485337090624    0.8284115120457696
7.443877106096928        8.921752548887063    1.6344696553862978
7.447377714031585        9.506465563915791    1.6693458785833177
7.462487113613443        9.851900333610326    1.6944153819401064
7.477195576106434        9.385765921886485    1.1635452078184008
7.478564121216803        9.569462599141833    2.0246237037820936
7.48899031357007         10.043084463232875   2.002538378127476
7.49533532259786         10.65795087269924    1.1534907423693843
7.504407873133649        10.430477282551037   2.0534907291576805
7.52910545898364         11.272870315337817   2.9266997399182477
7.5332685302086          10.92783039194348    1.4213720778843253
7.53514994770328         11.175066119111657   2.9842305671902336
7.55220870534566         10.77843659216058    1.5006707038092046
7.558266312263815        11.124237931168565   3.2194209590417753
7.570683557080217        12.063802597672598   1.7407290176154953
7.5751715291826835       12.492712902064293   1.7740137318701468
7.589952423743211        12.226738663661536   1.7760288897485854
7.595105933624949        13.027596710479838   2.181210289844605
7.6155821290392405       12.020523909206174   3.1784395509192818
7.62269383918891         13.25158320133497    2.3848844217629903
7.62791982639177         14.027223735525098   1.6038623974134243
7.643285922151631        13.827552478670333   1.522365711421609
7.651542087257172        13.40055859908061    2.506045026153256
7.65901072934681         13.362716255497267   3.117511328363589
7.668541492135565        14.799058323157787   2.881579751824767
7.679979948551375        14.82964874570009    2.8244368384482597
7.692988925694119        14.641584947405308   3.4648683705145826
7.701950977857879        14.749971919922926   2.3338018997811347
7.71223882966051         15.111025328304157   3.8011534812230665
7.717997206462741        15.53035827820395    3.690297029633231
7.738832791293215        15.91243132931173    4.658291275975046
7.741414950674008        16.263123357626608   3.1837671599756225
7.742329695665144        15.747106657830889   3.9274501497903
7.767845239681172        16.36744241887214    3.4402359035600094
7.769080674635308        16.09719618505194    4.357870667476346
7.775627417392248        16.545699649854345   4.745067308116885
7.796151346328262        16.916934804547992   4.916237120395991
7.805782215335153        16.354709807126586   5.254183173952104
7.814685222169853        17.923782741287994   6.6203381615699355
7.823339986796569        17.459459583088734   4.975764763943303
7.835076095337318        19.218866535845063   7.398996519812391
7.8412960991492495       18.243136182185562   9.145266026460423
7.850211085440194        18.499274741239613   7.157546768246828
7.855075362898212        19.106175118286444   9.515522324927959
7.868934806990922        19.637429361975666   11.673258333175276
7.87807486442571         19.22661796870739    10.598860905101342
7.887657771352124        19.40272420688551    12.225625305450665
7.898265891268424        19.166868739802062   13.233105933186739
7.906111213816449        19.297451286317433   13.75291113867024
7.923758791176493        19.105213788675336   16.04918254018023
7.927321589215609        19.724113935285693   18.112651149783275
7.9447452181518115       19.832499940326127   18.66698650981477
7.951506935585117        20.021286297778914   21.457670615637753
7.961668502862177        19.55564603408907    24.836859972995406
7.975156496452977        20.271083049292926   24.794825196547013
7.975134226280237        18.914689439449653   28.04632317845846
7.990009549336921        19.64814941264941    31.882542789926124
8.00202208198537         18.645378537512148   34.2448571269115
8.020106652663939        18.372457159207503   38.74639594082487
8.013513590338883        18.577456869245708   42.739154182540396
8.025411323772222        18.38683053650711    44.379220949019846
8.03470046491943         17.195577171867722   49.27133248571418
8.051079852391506        17.11024784184766    51.9850006998463
8.057773652096273        16.293398323319316   57.50972462897934
8.077093693810628        15.883400825087579   60.21033834918068
8.080875163566061        14.590521334144224   63.58265218149484
8.093558404074253        14.114673614552952   66.71325032445313
8.095343997992481        14.32579484925448    69.5961608645629
8.110021697125232        13.755209152336418   71.38281919401199
8.121183724870987        12.507405352802854   73.5348992824142
8.131323878963153        11.977439652630178   75.99678391476711
8.141889396564807        11.156293841867555   76.65342468102253
8.145169481066546        10.708466205531069   77.34291516846162
8.161626616470398        10.736438272379448   77.27181467066069
8.172402088811177        9.659038760726153    78.70434290895298
8.170933578202803        9.09203180040157     76.69336280465973
8.191037945077666        8.533624920689928    74.25670037701921
8.194215873009265        8.036234920451564    73.39804003781275
8.21073587952159         7.9193379182460335   71.49537246261207
8.219660874039688        7.4023864156354096   70.25488993992181
8.222316388754733        6.748957561951907    68.23199070321354
8.246560157751762        6.6013414663863195   64.59432560295785
8.244287043771577        7.3476725875694      64.59013215287803
8.258628345604787        6.6285813112294605   61.654931544243304
8.27029593800355         6.253119578646832    58.09590609956948
8.284996945383241        5.692800107194711    56.356413472391075
8.293954333758643        4.56366163947158     54.8002038779814
8.294212185217408        4.623122047781726    50.44046311871696
8.311718579236263        4.490137452694991    48.76997692138863
8.321713435640257        5.026182518259824    45.66019869053112
8.324207501196133        4.937314624348931    44.292523715202634
8.339117178848735        4.609158394429706    41.175565294541045
8.358554643154152        4.484094776271369    39.24084776182186
8.358149387301529        4.270087603705269    38.949894777359525
8.366250605708327        4.9132721043016065   35.07781222819912
8.37470676344288         4.286874391188036    34.08856970080198
8.39007946875039         3.918063008281307    32.29512904555635
8.397841231784124        4.1559576588983695   30.829597908710944
8.41039158505733         3.2688694619634324   27.75023143184923
8.418566928335366        4.15689489503348     26.2990076067454
8.424230461070573        3.8765743225897538   25.40064525149363
8.439055284390216        3.833734904952467    24.23641204073178
8.450878546407715        4.885181926450915    21.86206912626875
8.461553111634307        3.8921784856658697   22.04258753306881
8.46907983232291         4.553983600383111    19.534897335532143
8.482347716036033        4.216263132401322    18.266217740982057
8.490048461251996        3.898419066937495    17.047807865163687
8.500977582463335        4.968662276511514    16.692995796137534
8.517423466339599        4.2553935188215775   16.403333572717735
8.51597659469853         3.9446820742717112   14.803226428465718
8.531117288568609        4.273756769477584    15.08039312448636
8.54233453980676         3.7738336335786524   13.03828130175532
8.540498827220418        4.442919544574561    12.073221428320286
8.559927527670474        4.49879034722565     12.917098281506332
8.562072179574072        4.454192296239299    11.617217193374696
8.57871338490934         4.113773835586098    9.02441302941375
8.594675472842773        4.438614622881703    9.517617790192533
8.602288317697663        4.811077527206982    9.118571870481707
8.60646165036425         4.719182638028735    8.34874891464325
8.618303315827932        4.6266823387839215   7.949180628786016
8.625999490366892        3.7664607892493285   8.333553181780704
8.645583230165903        5.3093738440306595   7.799910999776606
8.653180814149968        4.673097467621677    6.73630741957783
8.667179442533927        5.2181930691447045   7.320225046311147
8.665885351007143        5.110708166956012    5.54796228818157
8.67870022689164         4.011829445598995    7.087571799309313
8.695160038119573        5.0127018038687465   6.513890111491446
8.69692424090253         5.0752013600083306   6.445181201472556
8.71990648976397         4.208369684946898    4.9271328167462825
8.720985988641827        4.9664703491007955   6.172633900363325
8.726466932679745        5.332266059859333    4.230381910623768
8.746593702866017        5.7657319252279455   4.030686905881872
8.748705871678315        5.978699046324819    4.05074552956582
8.762784633143488        5.4146526705932      4.150987795851875
8.77092501582024         5.720312443225119    3.0637652810125773
8.785806886691702        5.481285507842344    2.895093538154959
8.788349442970558        6.0092262834090615   4.262179951673731
8.796622522429232        5.645605037751106    3.6129335360477923
8.807173164238           5.990180054537228    3.3002663957605294
8.825868216596579        6.707057641833842    4.184161403506772
8.828746513477665        6.370477043575739    2.5902233781229027
8.840175397358335        6.303158902683755    3.862672626406549
8.852556302173038        5.921604313833701    3.436304474520128
8.864962642094136        6.3943167541831425   4.257803429413058
8.874051407812141        7.324555664361432    1.6582141635188428
8.884065138757771        6.869011114136802    2.3898248214453517
8.885173072379919        7.444972782330312    3.7421739219007617
8.908755530928268        7.305598680376704    3.134984483775828
8.916271486016438        7.011097329585515    2.778783323408458
8.91576234104099         7.161254187345624    2.872129513756769
8.930286949059619        7.305544053264105    0.9137166420365119
8.939606041216736        7.604122003014168    3.451021762367807
8.941725644994268        7.514690110246817    3.4431930229053074
8.969417249695223        8.35568634941205     2.658514037946672
8.964820928524734        7.167778336252237    2.638391820248762
8.984817655180942        8.045573844881584    2.620839368764867
8.982578106747473        8.547669774529515    1.4829591811253822
9.00201652580563         8.353340027480298    1.9335981967212044
9.012840188396895        8.068946731606417    2.295609618114708
9.023104242071483        8.3324477140777      2.8683101123470873
9.035158039398354        9.034376862225702    2.541610880702515
9.034655208022869        8.948438414196987    2.734899447943075
9.051286364257173        8.605740028003435    2.4028678148852496
9.059131306468899        9.501419861772428    0.7399353044387857
9.068479990710081        9.369775419794612    0.9620595711830996
9.079401298364225        10.234879765291318   0.10457860466947277
9.09798268320092         10.579582398594066   0.7894724331524358
9.094614625618226        9.019279198417967    0.28549155566554973
9.109026447749468        10.53586852172614    1.5083688135908326
9.111979556113024        10.525118696041076   2.6202859445781264
9.122073691352224        10.88941347602005    -0.10086927100651821
9.133402020987065        11.35277932841999    2.0927521093117454
9.14815833819974         11.174817104112353   0.9138644747031386
9.162247815441372        11.306165983895156   2.59842331831283
9.165543264685533        11.48952480495087    0.872450449952424
9.174428492558377        12.298796993149534   1.5147589142562874
9.194359423886961        12.133535941694364   2.239560934004162
9.195256383692731        12.382282364898291   2.0062628965873635
9.209663360817418        12.181512206480033   2.1779593136459865
9.225496839195516        12.67533129496735    3.4063962770269383
9.240904949181271        13.410353165232298   1.4717139640913128
9.237153961299253        13.04902200684473    2.63973215047419
9.2412243836452          13.426399345868813   2.3534056641454906
9.260906620434756        12.981620520741387   2.116548991038996
9.267600376940377        13.149154228422617   2.802206870674395
9.282212942496708        14.00618233122522    3.4815886907559372
9.291333312303154        13.980147340951014   1.8152921576517747
9.298103156268862        14.005076694433809   2.1803207800927393
9.308116034634313        13.12577917811458    2.737493714195307
9.323096534997973        14.90816225726017    3.18449650063631
9.327991447420622        14.868542081262783   2.7624814306333643
9.340733681259408        15.223959823041099   1.998409695009833
9.347115931340392        16.307511607641274   4.282674851943267
9.35618183468476         15.762058298435587   3.1216308150363976
9.37024482325338         16.24234440954921    3.722272427581241
9.380597624435877        16.31660436719588    3.8666107253274133
9.380755730633648        17.084414409339207   4.325951563204113
9.404173625910952        16.515297602756174   5.493605006849262
9.40309703971089         16.62130819634725    5.557504437437842
9.416778351568759        17.701816577838258   3.41005835351488
9.435845628158779        17.55719725155158    6.435070689972405
9.439067125883629        17.68260811478872    6.404230999996347
9.445710513602997        17.79254532375707    7.442857693755206
9.463036002757207        19.432799180763954   8.200273131257141
9.47082765596369         18.242272365936607   8.335145715257342
9.480698489320918        18.23530645826504    8.64233264694725
9.481780085952627        19.46530096127243    10.45661149732605
9.499083537739734        18.931308567686173   9.765389168489035
9.521570374806874        20.23019969976936    11.14292752849951
9.512355489270123        20.445614125326593   12.673461391510024
9.527414067346802        19.16122140144075    13.449944256931953
9.544620755954645        20.24803673699491    15.097315183881832
9.543110561333307        20.071843447632748   17.22167780830779
9.565214613663432        19.10659146579713    19.122858459068794
9.572942886455262        19.8275663524354     20.065261931437842
9.578114679242399        19.684452802888316   23.823982408192958
9.589026335967622        20.200699452911863   24.255493871453282
9.608394346855107        20.39253046815591    28.777239823816085
9.609760420537024        20.024266631135486   31.405656131564683
9.614709454915833        18.708490748835224   34.837107627909205
9.629708670796253        19.145541964091468   36.9029074498107
9.640622297682793        18.584103047204252   40.19464439892338
9.65225739065823         18.266939840011236   45.05124830965981
9.656483761243496        17.794327288449207   47.85372889246869
9.664734283732912        17.145419763377184   52.95879940485571
9.684589464663736        17.1643806309585     55.77222440505465
9.685359626851836        16.09809277256681    58.08801131689738
9.7031128043621          15.568053939324836   61.56087010421263
9.711202682475845        14.600672301324874   63.793732551819105
9.71801862556685         13.265609029060782   67.8135393295059
9.720644349492018        13.440537012738318   70.5997897126581
9.748320107692269        12.495544795068076   72.85527791832877
9.748637071354931        12.03846503367974    75.83584215746535
9.762811760195726        11.258562547832284   76.07459064046384
9.766923939339001        10.697007651344608   76.41536493850937
9.768931320611147        10.150184249418492   76.26185880760565
9.79642853404842         10.247899169992904   77.84056121508976
9.798979310153015        9.01799917334111     76.6076938999976
9.80640979354489         7.62214407990612     76.2908871066557
9.814155178771937        8.846460491044493    74.01821583751631
9.829876892593779        7.0706688954890975   73.13444070883911
9.842361924115448        8.23967774624604     70.83227574775141
9.85124086672023         7.200281316773342    68.14015050377381
9.86002979066756         6.464341839814758    67.33553250129373
9.876559568510029        6.587022884885367    66.24624457969462
9.885091127856999        6.043353201423612    61.73221402835117
9.883920474821233        5.736034616474009    59.3732312560335
9.894112513225547        5.528633313481637    56.5587395289698
9.899432606879843        5.085730476958924    55.65448231951055
9.92404921692544         5.333587601678283    52.47762345138083
9.935358464412152        5.0905002559689      50.045900015428224
9.930834212785873        4.717689845499507    47.80251229329401
9.954982080397729        4.924705367940008    44.216296391878444
9.961273577313717        4.703655899013953    44.25763235348717
9.975441963339446        4.364745826876749    41.008628248285255
9.981918138423138        4.320852220632149    38.39920014182754
9.99777763950134         4.602361990758708    35.61650938678331
10.00442909889186        4.195425272319292    34.435040003500035
10.007247942891839       3.765179980578086    31.392208550941564
10.019368911059557       4.489742685265103    28.89612860473361
10.031626382796164       3.946286313806976    27.723729535383047
10.033884116404451       4.512516203640655    26.511753525704876
10.047788147307497       3.885153876141065    26.479598931028704
10.067257388794843       4.700894464454269    24.92716315913277
10.074510299132353       3.599918623264669    22.49078974853473
10.084076290280533       3.8308970277181453   21.11339793893549
10.090657228400287       4.283462262476914    20.334016823015006
10.105041001400942       4.012788738730584    19.2749853712706
10.113145364403032       3.802079203816257    17.893853460835942
10.128097466177056       3.910085087726614    16.93277468134931
10.125345183641311       3.3376693179453625   15.658518638573344
10.141527443285087       4.531332409913453    15.101066749845042
10.147175704135782       4.041449560985203    13.517324646962512
10.158407410285637       3.547837168987055    14.001646517593624
10.176051109566357       4.047806342705395    13.69947157790143
10.177559030136374       4.691483916640458    11.653641901813387
10.198086620902536       3.911913473547111    11.526961706194564
10.189383437157687       4.314446363418512    11.29128891716033
10.208224927167805       4.801765708427854    9.61483794926667
10.214461586961523       4.4856657736151      9.47916299762076
10.22118179621509        4.684984107778622    8.277874065076617
10.233316163940486       4.949219988321326    8.468844033995063
10.25422200272881        4.28285378189209     7.6111176572424615
10.254236493688722       4.799863726102156    8.050118984676484
10.267235306194634       4.378733643533656    6.6144515906449515
10.277344385762492       5.132225284329674    7.390272122967143
10.284948072862734       4.970368023320637    6.288936941882764
10.304529236010811       4.753280644002221    6.792067016127023
10.302611124050985       5.1118947120307645   5.087315986922563
10.314688063842834       4.64833193160915     5.2433412620666235
10.331240686559552       4.719267416352289    5.716723339562199
10.353226875878827       5.089189761476896    5.600425171430388
10.348765745338683       5.353433571267887    4.084300625860051
10.355816437930043       5.599245513828295    4.029747538613435
10.368670972881553       5.77389097701519     5.251132544193877
10.384123097048493       5.165530924366357    3.4579929577321415
10.39577013143953        6.523610311655141    3.1478183538900035
10.394124098226145       5.525029821132326    3.866332641600218
10.40534497539594        5.309977594732767    3.80158753337811
10.416982721333156       5.792155781254773    2.3768509894719143
10.43744084646834        5.950366432884517    2.967881716245445
10.447766615017965       6.010434501762827    4.358954328679384
10.45535601701981        6.033985157383619    1.2314550862773415
10.46798364839062        6.125312236206186    2.8535156926702605
10.471002477709195       6.971201112875422    2.3025064119690466
10.473988238261825       5.903162422306763    3.921814746748308
10.488545624385166       6.4094367723753685   1.8364356567560818
10.49858871431064        6.747133504634842    1.948814464053053
10.508411738938985       6.933528095999566    3.5019457462313834
10.525372974329793       7.362909534325211    2.8059814863203734
10.531168796172715       7.817793795204048    2.2492583572189933
10.536737115350011       6.577841574734569    1.5921546789931247
10.546038411059515       7.978776862118574    3.8033400494039435
10.557452811843715       7.54465079670736     2.089113899141498
10.570623734759568       7.97898740151312     2.6220093327636333
10.58070305763169        7.978654203359658    1.8206170200486103
10.587970639032172       8.120700519217628    2.4857676926926198
10.594935758164434       8.525498205610056    0.6290728377767443
10.611726800773086       8.3216036587104      0.33242200881263706
10.628465975119244       7.884617436272454    1.88209640032568
10.623864497282593       8.169890518106067    2.283489446544924
10.643593721618936       8.221158144500238    1.7419129793088082
10.653575163986046       9.021402956784499    2.289141778620758
10.658440206166318       8.564405857177169    1.765219892674684
10.671323162533872       8.596667865991277    1.8985879399343586
10.684546865537197       9.811951887873539    0.925681078408613
10.686270242687085       9.285253547677545    1.1484974077460266
10.703163032608687       9.644437555715522    1.5261167043009423
10.711809873827109       9.733907484070333    2.596515977579161
10.720071731878633       9.588798372137603    0.909399152733703
10.73083961631484        10.198424435993017   2.023492593232246
10.740437235616138       10.560979344879902   1.452109504254415
10.751830445051887       10.435840394102737   2.4184776187129478
10.758683075580482       10.91481946332167    2.1557562663415832
10.770465963093786       11.174660289046424   1.7867920974450193
10.781388884696046       10.943955628351038   1.6322491974843507
10.794050213028722       11.564868377690452   2.8477538456356934
10.796507632182637       11.674602511484663   0.7072184599920703
10.809422840779428       12.643836115422987   1.9425361219473534
10.819697759253          11.91475664301466    0.3726895634433085
10.829267397405092       12.270075839560494   1.6254425216692248
10.83943409454169        11.947828880764376   1.8682018891101182
10.857344223403532       12.223946741953737   2.286441950669263
10.859909344965926       13.038921554595355   2.5125757596660057
10.871835149164001       13.140047038557165   1.5716623590340164
10.882564765353868       12.45211331519743    2.6485613601054054
10.881769910256038       13.191989323338843   2.002286446694398
10.90627100382765        13.99916472823535    3.4359314595540056
10.904243668056605       14.148214788231932   3.717245507301617
10.915708052581655       14.106039012641386   2.847901202290489
10.935312908122047       13.695089974819792   1.6695398636118268
10.939683028770347       14.856398262468506   2.117287356547807
10.952251207522027       14.94977763169663    3.6892999874167898
10.959634475245265       16.04088998465939    3.0906922852771244
10.96869689805379        15.232288585589552   3.2778919805781155
10.986131925930884       15.72051477462481    2.643788626737796
10.985599288964005       15.98925903189265    5.079689761240577
11.004776145351743       16.144910925561394   3.373746748308765
11.015549629891652       16.71011750404533    2.5254659388899405
11.024994917092485       16.944465842645737   5.415587798883419
11.028675494131024       16.59301492445328    6.242585159926795
11.037008160577589       17.475132409570158   4.6447080522605715
11.043724999510347       16.734132648430673   4.9973913009552975
11.058289423138621       17.999147743619204   6.7194464373708644
11.069353799898085       18.346034001483808   6.00576069151375
11.076589328097327       18.25631607371128    6.6604108952694805
11.09069168551086        18.56716987206693    6.602347674173931
11.09294445720762        19.30440339146203    9.418880615525193
11.102475865787124       18.458828225671304   8.977789010779464
11.11692729432624        19.246325090637797   10.707381353998157
11.127782700250975       19.891236407785      11.235383710790044
11.13096842886303        19.51862335256809    13.241702381131331
11.15063997886717        19.93784727621428    12.785413268046334
11.166611100086483       20.244435370547947   14.676712178697153
11.169644588060558       19.414302448806247   17.023041516275374
11.17662041579639        19.23719363492968    18.680779797390382
11.183413800887733       19.702074835913884   19.010256301197643
11.202349344887855       19.373525114453475   21.713762781045403
11.203465397057386       19.47413786840211    25.121293100249492
11.215270989289388       19.496062815873223   25.983521616237343
11.24046280640774        19.780679485420688   30.374546539548682
11.240648469112845       18.799603488158223   33.3898945844033
11.243823005610478       19.380691163690724   36.71600669469927
11.2590797032078         18.389342407466838   38.22016461662885
11.273158062742588       18.038267417459604   41.87635693473265
11.276464623342786       18.2372969221821     47.714795735254256
11.287136726446661       17.49949203172279    51.12188538226048
11.299093005144313       16.48020146962692    53.89921799746392
11.31643556677554        15.933609214541843   58.48245445600274
11.318736213379713       15.299417940684261   59.995516375885465
11.329249915191841       14.623856410289791   66.27459504266227
11.342465096941272       13.568561740964466   67.48580556565732
11.347500548290418       13.275132917525333   70.7694413230245
11.354643994868786       12.587528116910638   73.60784301438053
11.373566196777006       12.526090127263428   74.50586112610657
11.385061538119407       11.51660047519753    75.6670588758084
11.396819735658127       10.988538436929161   77.23463563598403
11.399467145321596       10.080060532550217   77.79816049038736
11.40409158154328        9.617826569105823    76.99855268119055
11.427152800823023       8.996890364564463    77.4735844694201
11.419065569134608       7.951567663391209    76.95835642948443
11.435725920029016       8.505622535111446    74.74673531039095
11.460016440568209       7.64693719631281     72.60389257276483
11.464467873095558       7.654276348844976    71.46747273606059
11.462026257120126       7.140784709635943    70.26339355808967
11.480702354341576       6.7894318061421135   67.94190667733817
11.484892976463883       6.147870550152198    66.2330831392353
11.49859811659564        6.226867790306356    61.80069050475919
11.501724600349709       6.114622254139633    60.17999055944697
11.528174911939848       6.782023014131182    58.48190965948726
11.53370982363203        5.585256583022832    55.309928286224455
11.542023994667344       5.685447615185487    53.55416770588524
11.54549261934989        4.928142285328659    50.480429552937665
11.554395282511047       4.666274606706759    46.395989431533714
11.56507050504412        4.571118091578032    45.08929081247422
11.573235021642919       4.440218178894045    42.88913930818362
11.594942455515282       4.331591328065532    40.544629268465876
11.594575825647567       4.413685036539027    38.44873177561531
11.607037835353346       4.538984368383997    38.23823871458625
11.633848777721708       4.213008702704807    34.35523619521744
11.634247797997807       4.2963768285437665   33.129869328539364
11.643285561684905       4.345017919153706    31.412887887819057
11.652083975842636       4.58656711299746     28.530625614295023
11.662946425907512       3.768456026512003    28.037293641005473
11.663953855638185       3.874937432247969    27.017226763677836
11.674453483548541       3.7849765024331994   23.557226884990666
11.694586702060084       3.816175467740723    22.681102027709922
11.710365508724504       3.960721935332721    20.64364047460973
11.718712984277715       3.642992874011682    21.19567884876329
11.717136262442713       4.223424549936593    20.546320937023907
11.725282333833531       3.780665293164149    19.097588756488665
11.736116325328775       4.9384516584191545   17.408827368216016
11.749758235879591       3.6837271281082793   16.252007017921237
11.759444552717365       4.574707807065014    15.611191042504611
11.778364254948086       3.16099781289079     16.139638210188718
11.772409789732224       3.3299547474831983   13.924248867428583
11.788350006570635       4.344256938945354    12.560025361315974
11.800918613325978       4.431368871982875    13.414031835116804
11.804926019198835       4.315946462707548    10.348484272318558
11.820932717185105       4.264170056998317    11.138420450194797
11.821963561427882       4.457458253630815    10.944739750321354
11.84104112294555        4.217496922179596    10.35807104162397
11.853369390425101       4.158022299473293    8.88705497693593
11.854876977294794       4.16939946423717     8.199759945626441
11.870433426400782       4.47673791238151     8.695650174962672
11.88095670931587        4.925365638276098    9.12063461184696
11.888470456869445       4.478599230348307    7.610714605376251
11.906950866162335       5.311301720476205    8.454331334154002
11.91083765170434        4.388423164157508    7.038863752288604
11.927892329943809       5.244651263851214    6.02181845400786
11.932145307083657       4.452310045480653    5.279584220991454
11.939536866515674       4.822670637140771    5.195588083244494
11.94421633109606        5.597348805831654    5.8458064052881475
11.963587492349756       5.185883693547428    5.798071519877663
11.966980168945641       5.098137727384975    5.227216958235237
11.974457376263105       4.381529632141408    5.631768621158434
11.985457865309607       5.79684983379345     3.9168022271950216
12.001935907027601       5.307136227153874    4.732517292878016
12.012769469432149       5.714341945344499    4.756444448576096
12.014483186401765       6.286581678915205    4.100442661444618
12.029289311998301       5.581734985080511    4.614423097105531
12.03377240817459        5.87009161529678     5.940929689418754
12.05544024222861        5.887401992985491    2.0663843105804687
12.066109991317111       5.711802574710962    3.150385546318155
12.058282168945368       6.2482955112704985   3.136132167360795
12.083692645278356       6.6408250690318535   3.668752406734151
12.092907088800015       6.5133474576590205   2.8186279354774295
12.091737432032895       6.8167702693155      2.6662350463907343
12.108238836105114       6.437181680113525    3.120492529219943
12.119401572373988       6.857237244866706    2.0756303211049634
12.127486586411711       6.464686171931677    2.4781495936712785
12.144138902478156       6.1294391479564485   3.3922883409892366
12.158498829066806       6.935263347150219    2.6424460940111745
12.156478414758807       6.662534482216882    1.776057067887704
12.172110363633628       7.01753930644455     1.4974733830512579
12.171863904694161       7.1381325156454185   2.9143045584412666
12.187349424310076       7.886607957679729    2.529313675708983
12.194974337471525       7.294809460609089    2.3389152168313756
12.20230403248176        7.609631373752232    2.6128624412337524
12.227597347562018       8.45153563673291     -0.1592160806101104
12.23382446301514        8.018274730965295    2.240398134944718
12.241055410752633       8.797180543893893    1.6512524385217016
12.255856833338987       8.371054813816777    2.312101580693489
12.262501327886675       9.00289275985333     3.1728710710091237
12.283898906220402       8.725570452202634    2.805311488839167
12.280239630128621       8.866023796255321    0.8775758245926987
12.299796561593878       8.725770692740456    1.6839013247895287
12.298059654060186       8.641006161679647    3.3721628697263117
12.304242950104433       9.47732570609761     2.158734795363601
12.327361663720762       9.328986833948075    2.6432835983494574
12.34041995386872        10.448119883994973   2.2240242510558597
12.352812842631034       9.97236141181549     0.7149596449156996
12.352979158418648       10.47494183779633    1.8873327731417004
12.360661655162728       10.198719080464796   1.85142496069341
12.375864694205402       9.912683120121088    0.4662792736909016
12.372489336539806       11.102204647604873   1.4417300425531696
12.393826603230366       11.792903534082042   0.47218401838405577
12.404688255506553       10.739194990730141   2.335477644199215
12.414432918977042       11.302015708300729   2.2993962616537815
12.413552270237343       10.540676083007682   1.2123764573326796
12.4296076894032         11.957562888779348   1.8948334978645642
12.431559810858184       12.297141801344134   1.4420396808405762
12.447753418014264       12.30462861529611    4.149259854441423
12.450808912533887       11.69962376742205    3.1162194065187014
12.462659885341074       12.3220584582298     2.9463338285455443
12.481580441981428       12.966329686581853   1.5186570448401637
12.486249473772826       12.91866543358605    3.0514603385412813
12.503904866692327       13.27534798080846    1.4628931305541522
12.501000597585898       13.994725728313778   2.002569310115454
12.513701213395729       12.939583842961644   1.12634551512014
12.528851350932628       14.080298674543986   2.115869973297632
12.542573114809228       13.925335054048482   4.481625615501606
12.550326783363149       13.988420868856904   3.345067142310726
12.559307338611616       15.233771953808446   1.4771628492584339
12.569721309423214       15.220558455809158   3.16757592648557
12.57779733875632        14.853011759630911   3.4854041541569765
12.588040252616258       15.474303470841157   2.184842096717766
12.601520336833447       16.29492431965244    2.336718053570232
12.620123648542869       16.19907985650858    3.436648537417801
12.619807007368069       16.132529156713407   4.463417953743399
12.62837657639481        15.7787606482106     5.0428017723216945
12.636123671879133       17.177838787616523   4.934105004367711
12.646042229415723       17.07964081058844    4.065360087755163
12.646326456518521       17.567680849044606   6.632372133713655
12.66214174806433        17.410868518809202   5.09532405673289
12.678463027535427       17.639621024054968   6.799173370686213
12.689077710894667       18.326461389575613   6.838027954216174
12.692929172593729       18.86665589154504    7.757187668557901
12.706022161493902       19.14393868793841    6.370042514842923
12.716534880556313       18.975046989788645   5.779638568570052
12.724402055532165       18.693802643811708   10.069911404309304
12.744656298030236       19.835370929644103   11.14648637933265
12.754306409109722       19.347991976557534   11.01848805449546
12.758536833949575       19.043602403222657   11.173420552978644
12.765568397073798       19.303029049634002   13.549200950426918
12.781658372897521       19.934298361143345   14.728088124744263
12.797545349984006       19.71699306327629    15.495171661397075
12.796742952036215       19.606164192785602   17.104783484658682
12.810627426581776       19.63968951540237    21.051107447756493
12.828584999877304       21.083523944293816   21.26891555500578
12.832826354302776       19.651921617069362   24.864686137989324
12.837688260130866       19.00511680879973    25.136935181390704
12.848085467759333       19.653620664240172   30.159277026494493
12.85191219895413        19.410550176416425   31.99556375209402
12.869313922155259       19.603689536687398   34.43468016449451
12.887164821143738       19.397976246161697   40.5505369327096
12.893120454423567       18.0915991392052     42.39222959868158
12.90706139452648        18.416057169681686   45.49698078960197
12.916199279638429       17.6761909042968     48.29685599637201
12.919624887047966       17.38528299117091    53.67567698937102
12.929368633742447       16.461565082237822   56.64459666000177
12.940605238776888       16.044479828131028   59.879139454812
12.958119690493152       14.786816551278422   63.968152173156874
12.960528179382042       14.700854738747328   66.13841826049814
12.963960646206257       13.637550897359281   70.21979263683481
12.977592561218053       13.558851011514177   72.31406130090369
12.986446884781563       12.939512531155378   73.76709783934183
12.994330931059473       12.069288081387548   74.87252536021704
13.004842032208312       11.242099063606247   76.57322283670511
13.008781007762254       9.702374045012359    76.69653128427281
13.020178013987017       9.737327695118951    77.19977984048444
13.046791591211807       9.484072368661664    76.97568697531824
13.050756088152474       9.291755920549718    76.74890127482699
13.067228417192991       8.546545362219888    74.84115591777923
13.073749964878617       8.030350564922172    73.21692561225161
13.086034300397918       7.169041816466907    71.34771263040577
13.088160090467143       7.104505290875771    70.916708161657
13.100283178392568       7.339006290926625    68.713259780609
13.112653365023554       6.6416574349444675   66.27444289845221
13.114694117523987       7.224507054815659    62.653315241041874
13.122390492015002       6.173249034095422    61.02385643555749
13.148461069932148       5.753446839594405    57.72162694836027
13.159456245929766       5.722233226581864    54.78822013694446
13.160811795160992       5.640256439525796    53.067388294305516
13.170750450554031       5.451272648680508    50.242780412555746
13.181855416195047       5.307647180785677    48.789288565176825
13.181465975660316       5.452791074347363    45.700861615527
13.199105631284528       5.006593318553593    43.780761473493314
13.210689603850918       4.905484364392392    40.90325080538016
13.222533129091826       5.350302878818348    39.532640380603866
13.236467514441866       4.833927847588907    37.74992731190272
13.236926119064508       4.430229112840275    35.60271832813421
13.247753829987362       4.566744789215691    32.41265062649485
13.258915067564233       4.083843961525533    32.178787939146886
13.266630113193404       3.826100013325447    28.878826244146943
13.28534580322164        3.721970703927129    27.818108028813782
13.282087756707668       4.10083157521037     25.454633244900112
13.302571293979543       4.2640935525113965   24.18934406587392
13.321404461915105       4.707950313573466    24.20440489213949
13.313944237375066       3.6697981998845615   23.5722423777278
13.339569817858132       4.089980375931179    19.956888897017357
13.334212518491679       4.466424049641427    20.219350164259822
13.350225716601827       3.704300439452814    17.37248277508819
13.36133724195523        3.708834423708904    17.873118671166853
13.375792119946446       3.5494170689928763   16.77148945538258
13.388072414857502       4.768577414916885    16.02458125264101
13.384207918298424       3.8536272016475652   13.774417295864973
13.403288768002527       4.366238227570349    13.05568153806545
13.414645026385237       4.324671611369962    13.593692620188277
13.422861129386833       4.217121412176307    11.658821111222302
13.435706001015983       4.481188823134997    10.590027138930143
13.435813399620622       4.284172466507544    10.118801824380796
13.452611289840899       3.5607584292878305   11.027808144196488
13.464088508334795       4.46990138918586     9.482898488025938
13.462583407302622       4.0617127240364805   7.720421192703564
13.474783854944718       4.923674582555163    8.851319083162892
13.48820341748646        4.545875460212112    8.557418075026117
13.497630960676734       4.008667811410187    7.378745382326577
13.509986153511715       5.086758578252226    7.861976510782418
13.522776915144743       5.278004555996597    4.735005886137994
13.523566834354959       4.68663700342988     7.0982687921849195
13.542304096935725       4.384880677590778    6.338281417676368
13.548103267109877       4.922962590306532    7.180500620544538
13.551157481398754       4.925311469331153    4.8145256246938235
13.568876880961989       4.325596073779319    4.508190457893933
13.57354519003014        4.9226077546193645   6.189327720621143
13.594191631289299       5.493946051239508    5.676543307086281
13.603949754560821       4.650732372019798    4.309344419989007
13.603980543069696       5.205122728920768    3.5221344318414824
13.617420173367051       4.779748532309609    4.680406687618462
13.63204166276354        6.397019746742453    3.9346237576661007
13.638271639297638       5.358636051839777    3.7490490744007077
13.65082068382717        5.654204840725858    4.071024542860597
13.654235683190178       5.719637153723064    3.7644546192363326
13.66938166606117        5.722127594795323    2.7517044003724886
13.686505421841476       6.186042881985992    2.6363710347690894
13.68763317030437        6.376670782353163    2.8954512714734895
13.698127966997058       5.530407883392777    3.8958910857562996
13.703949496588761       6.310829598911261    3.1806658591961665
13.711156889977644       5.720145555681055    2.9964955798520165
13.741951603473725       6.972475396092738    1.9592989923085558
13.742163359819996       6.575376630691161    2.8543011329816212
13.755112531072275       5.897795340691081    1.735886241312703
13.758398011696146       7.080109261395379    1.8880503954056436
13.77298606762904        6.568287222222508    2.2580507173206215
13.78537236551761        7.921514984281137    2.0758285283567783
13.794028178636248       7.592302824215186    3.3933174532708286
13.803965035220752       7.098348273499173    3.2466376185512633
13.809590832954072       7.347481912423324    0.7656275971304167
13.817011103205193       7.11457126616971     2.7212281756695202
13.831092390857972       7.804368783878872    2.4588743143557283
13.84434188675023        7.837154808619003    1.8938597476345562
13.850976839489066       7.726559147654752    1.3293715726105635
13.858414720500916       9.04496013566984     1.2151830725187671
13.875144437248188       8.082304709150595    3.3647949657817557
13.881710733466104       8.474317423169563    2.5896608248669253
13.892115448905932       8.569144703420255    2.1715911430260983
13.906529580224456       9.672003263411465    1.5706924431365608
13.915143937371376       9.035273113238068    3.08095443053618
13.921996411832161       9.149592215110255    0.7537192974568643
13.930878016364849       9.01016353625118     1.8047816754605654
13.939768370559348       9.488883070656973    1.2835865751272344
13.956492447114831       9.633179843366863    1.9359113842026752
13.961462442240512       9.985089499991808    1.255451980878524
13.973633961795036       9.886777630243337    1.1034606532751963
13.982694082386992       9.96399254985306     0.7905624400832865
13.990134284421316       10.388705547237674   2.9731006047840944
14.00289237359287        10.339595394406782   1.8681600230152486
14.00499652154426        10.818393923483072   1.023611600641051
14.020376115760111       11.661353060103274   3.019137455848537
14.027932446571265       10.803054554587634   2.413456959706091
14.040219386939638       12.104826839300454   2.0769656204464817
14.043457062544048       11.457660567974797   1.9457854051152488
14.056747615664982       11.965549006736032   2.4566720028371485
14.069898913817912       12.200910146919151   0.7737203142026368
14.076315368905396       12.476838363729934   0.2340453371346327
14.083841783903631       12.614206534121472   1.2141899657570545
14.09823812182283        12.568417675553782   0.541648952822561
14.1087956394981         12.59278820250414    1.855038093258489
14.126636914257542       12.799870848184739   2.1269495805030965
14.137754650068402       13.123151694181962   1.9292297518970445
14.14555624806094        13.49652375820791    2.617942357508039
14.145951912768515       13.563073337984086   1.1917954534006854
14.160158378772982       14.221317596226095   4.301462494568113
14.17844537441797        13.605320105538457   2.553079618953719
14.176871956727494       14.971361172823123   1.3387323910063655
14.181800145604875       14.598000545071935   2.954015148820877
14.201682942578664       15.359631432153428   2.1757173771722407
14.213720322396057       15.354441100423841   4.62239183283551
14.213516184336616       16.04207839829763    5.033102750961356
14.22641997940414        15.384006597063392   3.6741982571713017
14.230377298843877       16.135225964373188   4.452052231702529
14.249574328089695       16.60351104099388    4.9706540466629985
14.257012164876183       17.07658816207014    2.737643974500291
14.274065749016085       16.651351920132015   4.359672029203008
14.282601156225715       16.507602393104435   4.637042245507396
14.29709595143882        17.737641804024346   4.625557784305301
14.296973821182767       17.525728004571288   5.688391137523812
14.302788413042604       18.154667974242265   5.376303398601749
14.31841000520566        18.31694559627933    8.038043222572245
14.327238747145346       18.33054065699341    7.190913322297492
14.345252606057656       18.93465915946697    8.152892050905905
14.363009182750186       19.174624695656565   8.64462746066225
14.353978485021091       19.166489937209278   10.06854371938544
14.369905526666393       19.152905522500795   10.363849871645375
14.384750143125373       18.25063463436407    11.72349559756514
14.393770022200291       19.582738471247083   14.015096469690809
14.404710031745909       19.32603379256668    13.89459604975288
14.417706727289342       19.343809724284206   17.963607125702897
14.418390510800899       19.66438513761305    17.53145671377518
14.4229264694435         20.08687285384087    20.987633424404923
14.444515066040047       19.67815389143259    19.895769452064066
14.44944005922953        19.970529881411466   22.96270851158016
14.462182952908545       19.804855577703474   27.558926863357364
14.469109731414482       19.969020739674505   30.558819246054632
14.473733004331615       19.431258249844515   31.76531978174912
14.487813512915647       19.19204262333352    35.14318992744874
14.496776941873573       18.721135956760527   37.467962909604715
14.50822461380463        18.89592306942162    41.68130047041256
14.515853304252433       18.000950350773778   44.898579228148975
14.530634326708702       17.776368253139065   48.28363896248592
14.536965757194265       16.583366849462568   52.46396459039872
14.551422011467121       16.27375459477922    56.94987639023518
14.557203258537484       15.535561788276379   59.37923845207439
14.570939849373888       15.248614240705747   63.89124583485426
14.57931696831827        14.865646294661229   66.54275991064698
14.579806891665472       14.189818307779822   68.59103150805397
14.603992127705434       12.94226732960744    69.24506868206815
14.618910896992942       12.577676399742447   72.69435328761031
14.618648084270195       11.605961492554172   74.9397985586879
14.629524102399657       11.351928291514367   76.65789131860274
14.647634097784477       10.48679745026552    76.33281740665342
14.646284444386588       9.472954515972793    76.70456720904882
14.660275136279754       9.778782282780677    77.19252004944214
14.668464917059598       8.852080872380295    75.97566291903163
14.674563223055118       8.527253330745701    74.58137383513154
14.688018925200264       7.817775026003765    74.03602627205021
14.702112895421886       7.38867885234934     72.55557619477617
14.7126723928193         7.633315838299197    70.53324264710663
14.717413862108188       6.796752616331612    68.83916070193808
14.734433547354861       6.212807259336193    65.85606156333436
14.743877317411346       5.981347162888857    65.79490921640742
14.748237025872342       6.20874346971367     60.06740982483059
14.764563088522056       5.534882773972795    57.797379137227686
14.77782421588524        5.887831913704715    55.32468024308754
14.783648320613619       6.159946829002931    53.27305253636707
14.792400547019493       5.00526909663569     52.32982342845897
14.801425963172452       5.314244862920666    49.779339619727516
14.80729987112472        5.095775312086328    45.80788838000136
14.82729645684793        4.2430206924602025   44.60489567598512
14.82515581390478        4.5563642663309185   41.04517762845089
14.838351257756655       4.434157191570403    40.93629544574988
14.84654830046152        4.473916294827693    38.29744542231328
14.853500496458174       4.295112555311664    37.54700172224857
14.870175991084382       3.510856744275737    32.83734102083059
14.874707937252218       4.527533843233658    31.83541724776908
14.888609493721386       3.9652137346537915   29.66010758327531
14.89928016426551        4.404032216113899    28.496871244073773
14.9117710256536         3.85020480608007     27.204979682536514
14.913897281011328       3.913906908645239    25.78980947080708
14.924693902095026       4.517975797207036    22.340479368335462
14.929809356943133       4.556895449766979    22.818391695371215
14.955112746460902       3.782657289296126    20.352856314749985
14.962720952711276       3.9139974033417264   20.12965714447098
14.968957959057636       4.414013938693321    19.565329300460988
14.984775054093886       3.5251301034140496   18.203498407655093
14.996032011795533       4.116390791460221    16.067114836803725
14.996723648507887       4.200251603956947    15.212307414000584
