0                     12.82305785349266    73.40728069086651
0.01                  12.599270344184822   74.60773967393804
0.02                  11.714887378529845   74.71135309095207
0.03                  11.120995506688704   76.14504374543644
0.04                  10.910313910585527   77.28075076466088
0.05                  10.42247515918169    77.01530773159335
0.06                  9.029836811423179    76.28085515480919
0.07                  8.59699068512228     75.54776073386701
0.08                  8.036354769900242    75.03984529290506
0.09                  8.562924024759667    73.11730640827214
0.1                   7.455022419608922    72.49767585236788
0.11                  6.946599338970699    70.05667765725144
0.12                  6.741360281316365    67.32032885057127
0.13                  7.070393350634964    67.07214233206201
0.14                  6.207244804199242    63.17694287322154
0.15                  5.67526956936064     61.11196304395946
0.16                  5.438058737858498    57.962128276713976
0.17                  6.502441329164382    56.67685525765629
0.18                  4.643986014784826    51.11999887903402
0.19                  5.1316302955271675   50.321297528237594
0.2                   4.301194895324062    47.66617268576037
0.21                  5.061020369571852    44.96609818478297
0.22                  4.633269312485153    43.60726173151581
0.23                  4.50781540390944     41.837578912564794
0.24                  4.701105525098305    39.18875458692295
0.25                  4.948065204828657    36.58041326759035
0.26                  4.257460392495666    34.471926284189685
0.27                  3.5463570416071426   33.415752389651324
0.28                  5.008979978095826    31.460971891916426
0.29                  3.653279097151331    29.468330726351823
0.3                   3.6070129971103646   29.769579255796977
0.31                  4.0782679477740436   25.615574754444395
0.32                  3.774561722483334    26.35782220806889
0.33                  4.599413949235973    23.941212338484394
0.34                  4.707646162995859    23.059149886346113
0.35000000000000003   4.08248145865897     20.965169918773622
0.36                  4.199589144529885    19.756557566530002
0.37                  4.6481274125540795   17.368478522276302
0.38                  3.957514310397387    16.251181147216474
0.39                  4.053392892371355    16.446141835222683
0.4                   4.43612760334417     15.951936364340895
0.41000000000000003   3.3777266482752566   14.273300209492245
0.42                  4.001865755232725    13.481092814500645
0.43                  3.647628330147401    13.689388161172067
0.44                  4.800871479200147    11.816580159312394
0.45                  4.282734936423844    10.614249729874764
0.46                  4.1267086688835315   10.813667808276604
0.47000000000000003   4.662799877379627    11.855341262383687
0.48                  4.3733341774732555   8.48584746972034
0.49                  3.8887179642584355   8.801801677792643
0.5                   4.350288597918092    8.049939187880875
0.51                  4.266030881275214    8.418464742784401
0.52                  4.812928706645761    8.106917972426281
0.53                  5.377914651755246    7.968665765172681
0.54                  4.786696780982831    6.183569958295944
0.55                  4.9113364279867024   6.854227318235628
0.56                  3.90477088539036     5.63975023030874
0.5700000000000001    5.468104159697115    5.9297085324924925
0.58                  5.462722441289877    5.536930829862244
0.59                  5.683956876288035    4.058416537759315
0.6                   5.351036924440722    5.922304608618982
0.61                  5.620774916987167    5.064788302750229
0.62                  4.8433782705701205   4.300278766509611
0.63                  4.70922284715212     6.083844825689796
0.64                  5.2351165907286505   3.177413576799509
0.65                  5.156876930102796    5.195976810805871
0.66                  5.871301892477291    4.064141292611092
0.67                  5.890283678924621    3.160579030197775
0.68                  5.769339625682854    3.9039686507011826
0.6900000000000001    5.938423190946467    3.785819672681422
0.7000000000000001    6.0647309643417895   2.360896915699546
0.71                  5.672446451749317    2.201337994703857
0.72                  6.221888496392112    3.1994530724606536
0.73                  6.43755588221571     2.7881716965764873
0.74                  5.5809067913395465   1.9607093368683706
0.75                  6.9880101065883204   2.5458476303437596
0.76                  6.545363645448543    2.8482975745917627
0.77                  6.9048718409877505   1.6207599768660728
0.78                  6.363865557041347    3.0716174696252097
0.79                  6.462349578476253    0.535423974402041
0.8                   7.493909126985247    3.06014474851081
0.81                  8.132718561231869    1.560725624708949
0.8200000000000001    7.376330012057827    2.2787466817939204
0.8300000000000001    8.401687990166929    1.9221257327170624
0.84                  7.493496843672471    2.316650231278883
0.85                  8.07523848398371     2.1210142148353652
0.86                  7.909727220736035    3.2358104562428682
0.87                  7.990751793019986    1.5258479570017462
0.88                  9.105141630922327    0.8684603098647401
0.89                  9.490195633773892    2.378575920015988
0.9                   8.289247280660891    2.5090408067642587
0.91                  8.754273329815904    2.229092121412156
0.92                  9.402666575807157    0.6940729113930488
0.93                  8.228066902183434    2.569905191555998
0.9400000000000001    8.391920099849303    0.6502716108675959
0.9500000000000001    8.455465372773853    1.7420773503194928
0.96                  9.756528477726064    1.2733430449926857
0.97                  9.999969628396505    3.417459528874277
0.98                  10.053588784244473   1.7714766054557634
0.99                  9.872370544820765    1.451773757032508
1.                    10.256639125152327   1.8817199540397047
1.01                  10.609059189966205   3.4555161559190513
1.02                  10.513203687409522   1.6248017992339938
1.03                  10.81194389505123    1.4299833252739265
1.04                  10.385201568667389   2.019429740324516
1.05                  11.518747463568872   2.4821777937752394
1.06                  10.849203107137388   2.5522789681311835
1.07                  11.83636083715787    2.8293015076670534
1.08                  11.998591251807799   1.8683064341611015
1.09                  11.86597329127158    1.7203367081246677
1.1                   12.577919579693758   2.4456438636444764
1.11                  12.554477086972172   2.009723690976506
1.12                  12.628219082978221   2.580152140512742
1.1300000000000001    12.372087539174728   3.411672704421497
1.1400000000000001    12.825399025962536   2.0160171093086285
1.1500000000000001    13.814073954843083   3.86980743685013
1.16                  13.703640209148501   3.196918566747315
1.17                  15.151703414355389   1.5414037595594938
1.18                  13.973871865164963   1.7353340535875943
1.19                  14.523236120146773   1.5706284142773776
1.2                   14.83762198121651    3.55407767182799
1.21                  15.10182172385386    3.9295418846374552
1.22                  15.210164964865664   3.210696599485943
1.23                  15.305347499036012   2.7569384516716866
1.24                  16.082212043399604   4.737545372388745
1.25                  16.008098825732077   3.5198844169409553
1.26                  16.65627239050165    2.888330864178876
1.27                  16.596196258708524   1.9493650879547615
1.28                  16.125965667079097   4.594801945910939
1.29                  16.791523767710387   4.1634773967567185
1.3                   17.179483553752757   3.818971714188299
1.31                  18.424316047862465   6.456325910058257
1.32                  18.147793985266468   5.888499010292539
1.33                  18.01663924924686    6.687653422214534
1.34                  17.898163499541596   6.747606070609547
1.35                  18.12668623583211    8.595416590084055
1.36                  19.35781343433663    7.215689726890382
1.37                  19.549498295132203   8.904370294233093
1.3800000000000001    19.30028473914003    10.498408660852258
1.3900000000000001    18.499673589671442   9.912105568207588
1.4000000000000001    19.913603005347547   11.651805892358963
1.41                  19.38938857555012    13.120276473198766
1.42                  19.345546613215326   14.158873981739713
1.43                  19.78863021231142    16.103337645561773
1.44                  20.315289595013386   16.69901854135831
1.45                  19.874820691800622   19.799209115650484
1.46                  19.87428076599747    20.018174687886304
1.47                  19.284309722991527   23.84635220800955
1.48                  20.335373589733294   24.206029379903793
1.49                  19.96858602384008    28.567173669828946
1.5                   19.33989528324388    32.73136358619954
1.51                  19.483233997315402   35.35307247666911
1.52                  18.848952032340378   37.32818366416791
1.53                  18.530495257200098   40.79987031037251
1.54                  17.78277039950186    45.41328308362593
1.55                  17.90244646045723    47.8385925670556
1.56                  17.434118696922873   51.59766971022589
1.57                  16.633547481479404   55.33156108339489
1.58                  16.108386686352503   61.72212123795269
1.59                  15.582675528023113   62.798013881149
1.6                   14.24352142553136    66.54792544046113
1.61                  13.58316464479721    67.84929719300241
1.62                  12.476181807006954   71.54392877560528
1.6300000000000001    12.221821145767782   73.54957161304918
1.6400000000000001    11.598089363505032   75.07565613202269
1.6500000000000001    11.179146162309515   75.21200564125571
1.6600000000000001    10.618556718394231   76.66280808099465
1.67                  10.438159130818384   76.80437285008432
1.68                  8.71917439203376     75.85626916816685
1.69                  8.92361831314649     76.22987886398506
1.7                   8.588749493953596    75.52239503654913
1.71                  7.283037495792679    73.29432195676102
1.72                  7.762809789841061    71.95211433789554
1.73                  6.724013582583494    70.0180242969087
1.74                  6.935116617740241    69.33202516590137
1.75                  6.736352503044411    65.484852176985
1.76                  6.574392264233238    63.14373251608379
1.77                  5.621766459047723    61.405184657795914
1.78                  5.229770624587498    58.02418153161751
1.79                  6.1940007094357465   56.88244465910735
1.8                   5.81773248573869     54.355270388897345
1.81                  5.43585430821351     49.520566786990095
1.82                  5.84180972828389     49.257478071289114
1.83                  4.633429751556259    45.2843567416231
1.84                  5.379156310689362    44.866216400800845
1.85                  5.364111707217922    42.29563140075293
1.86                  4.568974419312976    39.896379298436955
1.87                  4.854715065277947    37.42260632443777
1.8800000000000001    4.469108679571855    34.95266191543528
1.8900000000000001    3.857665078014279    33.8627307325267
1.9000000000000001    3.6809587920417894   31.695292888509616
1.9100000000000001    4.020626219303454    29.914727539541104
1.92                  4.784145639267428    29.103779078846447
1.93                  4.602318206837014    25.89450814035227
1.94                  4.134697029257503    25.03786299745448
1.95                  4.05617415786983     23.169847699802904
1.96                  4.404117501300887    22.331249551360195
1.97                  3.7034050393411895   21.78575124784919
1.98                  3.3932577742561523   21.45623743534191
1.99                  4.038100805803124    17.595691076810365
2.                    4.444562312968211    18.223019600726616
2.0100000000000002    3.9654440113511935   16.45702621879939
2.02                  4.141273182395946    16.907859202897185
2.0300000000000002    4.334639761758677    15.597803649175178
2.04                  3.8493857366268576   14.709636534123549
2.05                  4.5809714533950725   11.889398537505095
2.06                  4.364151946475919    11.706215385368086
2.07                  3.692495752024237    11.924708913789654
2.08                  4.182085920964606    11.883846433085061
2.09                  3.6272370807101906   12.869552593895746
2.1                   4.612335650474032    10.338321317288436
2.11                  5.300603722257228    8.728346903039514
2.12                  5.203532661148814    8.915412831455471
2.13                  4.438849619495541    7.117134833434451
2.14                  5.363350972061481    7.402337321774176
2.15                  4.463619020397385    6.965510241659767
2.16                  4.1325431284829515   5.682528697189159
2.17                  4.454134011494599    6.79825282013944
2.18                  4.975348804872105    5.922149104939919
2.19                  4.898730184764952    6.880078077267763
2.2                   4.456373436404068    5.283156031841995
2.21                  5.647156195203984    7.493725953327383
2.22                  5.066071847498956    5.07421358135407
2.23                  5.007662095619117    5.524757872514974
2.24                  5.520690786602367    4.501073386228698
2.25                  5.001802843440259    4.611583452408005
2.2600000000000002    5.374980433450685    3.9093531705194398
2.27                  5.08239693776246     3.988537610990637
2.2800000000000002    6.244792870473105    4.860598115578321
2.29                  5.331974478433005    3.5178862805260267
2.3000000000000003    5.579994155461167    4.804744869408713
2.31                  6.384327367692171    3.983714490696911
2.32                  5.902216187179903    4.309132022272653
2.33                  6.018461602361438    2.2016017167851594
2.34                  6.205429188631532    3.4482836883240564
2.35                  6.381288407798554    3.863087479740158
2.36                  6.025127899874856    2.967407010194375
2.37                  6.253541623747524    3.6337055504190903
2.38                  6.653414535068329    3.637760147985688
2.39                  5.853475077415299    0.7890705116039012
2.4                   6.918777439396198    2.4847275161497735
2.41                  6.737921961305021    1.8419390609642097
2.42                  7.492527793591224    1.796173888347296
2.43                  7.117963262551033    0.9035836784245039
2.44                  8.053833528328388    2.1132301365688297
2.45                  6.407603358628112    2.3738261639190914
2.46                  7.862133364807696    2.6271422963350375
2.47                  7.891419916919074    0.4359133601867484
2.48                  7.906010595820912    2.960960920269419
2.49                  8.624824532530562    1.4165491824223284
2.5                   8.406638788685816    1.2896659673120934
2.5100000000000002    8.584011087103578    1.3709019294197768
2.52                  8.27943015845458     1.6302808237194666
2.5300000000000002    8.992964713824508    2.376436728912836
2.54                  8.919696904661162    2.804330392356606
2.5500000000000003    9.28167376542667     1.840617750579691
2.56                  9.151009145105599    2.3821869466886487
2.57                  9.788681174828021    1.6856896451322694
2.58                  9.304803215241412    1.8869382251038507
2.59                  9.299708093100683    2.33070708570318
2.6                   9.494101904417764    2.268308446987253
2.61                  9.882407492272643    1.2658198505920137
2.62                  10.260881263967056   1.909747298800844
2.63                  10.468514060388163   0.2210807075380723
2.64                  9.831150869584611    0.9703993132560818
2.65                  11.19893261362007    2.9175734489797773
2.66                  10.734431861977662   2.9624113965509107
2.67                  11.36143789790568    1.5224361906617034
2.68                  11.590795375807552   1.2801347087818526
2.69                  11.357501242640458   2.5189485738105546
2.7                   12.163399287944962   0.8740197253755941
2.71                  13.46194292150416    1.0459325870359493
2.72                  11.490648249067268   1.9080046588103117
2.73                  11.893817617705883   1.586921367020138
2.74                  12.438084565605083   2.0144112238442067
2.75                  13.759206934089146   2.009619543243259
2.7600000000000002    13.392533525890117   2.711623571517868
2.77                  13.542150228758413   1.0122440920346674
2.7800000000000002    13.37075943682608    3.479598966940255
2.79                  14.52924452698463    0.15867345629904506
2.8000000000000003    13.932227347329633   3.2428176929148
2.81                  14.006588314951202   2.7125686743720516
2.82                  14.241994133105193   3.0861432553630084
2.83                  14.410693654505105   2.288285853969003
2.84                  14.91304243228713    2.44453472536186
2.85                  14.968782465211138   4.27865332674695
2.86                  16.004531494360197   3.5417348902388497
2.87                  15.895154648864237   4.5480163756536145
2.88                  15.82818906981303    4.3598839815192445
2.89                  16.047490447773846   4.0181643553123445
2.9                   16.4469453367536     3.8453238888883705
2.91                  17.016270075449782   2.957291704623719
2.92                  17.119221564152884   3.2646374512082934
2.93                  17.710824961123187   4.605571328074453
2.94                  17.186828125728642   4.591846009765751
2.95                  18.56674046069451    5.349139150965325
2.96                  17.837169500353404   6.712775580431581
2.97                  18.308938660536885   8.06377267290171
2.98                  19.82245033055506    7.7660202580356215
2.99                  19.393222375015462   9.833181128631221
3.                    18.884972353981144   7.854912733672512
3.0100000000000002    18.97123669004387    10.866293188053561
3.02                  20.211408543112842   10.403541330125766
3.0300000000000002    19.428403774576644   12.36084990390678
3.04                  19.492120785450208   14.00155714055241
3.0500000000000003    19.843914933899253   15.093881181461438
3.06                  19.832589104817995   17.841287337080303
3.0700000000000003    20.153473293337093   19.343716920542704
3.08                  20.186164612446824   20.277405240795012
3.09                  20.008689130139892   24.717862618304203
3.1                   19.31090108526794    24.394730724538647
3.11                  19.310850155323457   28.963132894340436
3.12                  18.804701161227896   31.485693971767546
3.13                  18.924372006815634   34.49225542873474
3.14                  18.881767917250478   35.995046554813285
3.15                  18.265790050593893   39.01269608488622
3.16                  18.34959336715286    44.397793525131505
3.17                  17.423175904511563   47.98230828880598
3.18                  17.394684776442876   51.24783234428995
3.19                  16.425594132589904   54.135859563825704
3.2                   16.218536734701928   58.73632960249901
3.21                  15.438617385968763   62.09929197131584
3.22                  15.045215217242307   65.6465236733971
3.23                  13.83662783309749    69.55206904256114
3.24                  13.121598528147159   69.91745472361183
3.25                  12.626015498848522   72.8530927311743
3.2600000000000002    12.173513338179703   73.71901735351544
3.27                  11.177914884896479   75.99272211640586
3.2800000000000002    10.670338541045325   76.95442311181016
3.29                  10.029561840042588   77.53435038707596
3.3000000000000003    10.238939535647459   75.93769148365912
3.31                  9.05449265059328     76.32945583071215
3.3200000000000003    8.039738363089631    75.60419889455393
3.33                  8.041279295499805    73.94279967594818
3.34                  7.9647088925465575   72.4851314913594
3.35                  6.623403684311604    70.68686890732182
3.36                  6.778723551918623    68.92862309589557
3.37                  6.533833849789743    66.08783518121784
3.38                  6.469353957672907    64.16457838751941
3.39                  5.93022504810712     62.2665223331364
3.4                   5.222375963078875    59.973773163782106
3.41                  6.273181630851967    55.24340344129748
3.42                  5.0821555160217295   54.73227466400363
3.43                  5.786672735707366    51.7697956382523
3.44                  5.546619086264227    48.68383776108374
3.45                  4.435943035355081    46.43195740228022
3.46                  5.56082970240988     42.91014685377329
3.47                  4.780988745134117    42.618306959552974
3.48                  4.485614150928941    40.28106753041736
3.49                  4.443068752227651    39.61527841910366
3.5                   4.473065828457554    35.49621482408214
3.5100000000000002    4.273755839782416    35.27716534622328
3.52                  4.14165205840195     30.867404126574908
3.5300000000000002    4.2683549145400415   29.130557904942684
3.54                  3.830488653271179    28.794898421493325
3.5500000000000003    4.355596423531839    26.83774357435942
3.56                  4.663531474871369    25.97570828271874
3.5700000000000003    3.9912738502040406   24.776372794808797
3.58                  3.8443410073275945   21.65935716995293
3.59                  4.256902913409993    21.553441962018482
3.6                   3.9851746024229793   19.80829821233409
3.61                  4.394948276259877    18.85064198645136
3.62                  4.655194244650218    16.387826118775486
3.63                  4.736555466763766    16.345961331519558
3.64                  3.8990761643689784   16.16797378739992
3.65                  3.899535668607564    14.75682134498018
3.66                  4.228264707869889    12.24755934624606
3.67                  4.712006515871437    14.072207319648642
3.68                  4.714908339674678    12.515535967934438
3.69                  4.926033798321075    13.075443918010926
3.7                   4.270251617091149    11.58376608135901
3.71                  4.564413698173146    9.716355816078842
3.72                  5.128670706775437    11.110078198607091
3.73                  4.737100153197555    9.742830111237765
3.74                  4.905768072331152    9.842833568871498
3.75                  5.201295790366281    9.88134381735561
3.7600000000000002    4.170993737161413    8.839751262591207
3.77                  5.137313213694313    7.432951219884474
3.7800000000000002    4.785884354376813    6.456395684459861
3.79                  5.268006517694839    7.232750290071149
3.8000000000000003    5.0855297323040745   6.339933927751934
3.81                  5.258394946003047    5.9533014975430785
3.8200000000000003    4.504495873989996    4.349920826208008
3.83                  4.399451679694787    7.207406888579682
3.84                  4.770321307770215    4.503957820734938
3.85                  5.328738576035911    4.577669530725571
3.86                  5.4448314714640595   5.522286358634187
3.87                  5.340578112647458    4.542164718512359
3.88                  5.0372533126923384   3.6641707927210465
3.89                  5.872537746725621    2.658827933187664
3.9                   5.778811426430083    4.501735952426112
3.91                  5.4129127326546005   1.9074769114768235
3.92                  5.223303376077026    2.581632500689692
3.93                  6.019616542766775    3.33613411261617
3.94                  5.385823272184116    1.5954158943687164
3.95                  5.697816917957574    5.60444073707893
3.96                  5.74074862763132     3.337506206483494
3.97                  6.367506176683757    2.8131903558619005
3.98                  6.021061727876552    2.9947463018417677
3.99                  6.490290659636781    2.7872741643543906
4.                    6.520149819726363    2.852318208570836
4.01                  6.351832741890437    2.8196397187073106
4.0200000000000005    7.010277515601027    3.2301099339459918
4.03                  7.171350598462151    2.718910151553612
4.04                  6.456582536735558    2.9228038278013466
4.05                  6.976935599817246    1.8397791346019514
4.0600000000000005    6.995352880717343    2.160728858778592
4.07                  7.554853948585937    2.359383178894874
4.08                  7.248759770344366    1.5129236606191405
4.09                  7.440055669995981    2.3744744283269688
4.1                   8.102825738700618    1.8858751654268295
4.11                  7.013051868621827    3.657423426271211
4.12                  8.590598227304753    1.148501694184251
4.13                  8.017147765168717    1.1295114585838906
4.14                  8.371254567027297    3.338061797798641
4.15                  9.221066501221033    2.428100078194284
4.16                  8.822848031152068    1.4465329511086218
4.17                  8.851833411332182    1.5550734219362337
4.18                  9.036931121360778    2.7654092409155027
4.19                  9.89521569507463     1.647676220881061
4.2                   9.39689689979799     1.3236255337557052
4.21                  9.809961467106037    0.9902010345230128
4.22                  9.362204083897835    2.7748999939048176
4.23                  10.659738494442342   1.0414022940898957
4.24                  10.074435287455643   0.41051271107421994
4.25                  10.367689024290964   2.1573710139525866
4.26                  9.468235801402095    1.7305308397675137
4.2700000000000005    10.68066144038437    0.348024727114298
4.28                  11.232274826414297   1.164376028638026
4.29                  11.588862020602988   3.1184767640835487
4.3                   11.331116265349031   1.4047128070404749
4.3100000000000005    10.901208338970367   2.145717415021157
4.32                  12.404391537456451   1.560061689341461
4.33                  11.821722146805458   2.718650960478784
4.34                  12.224751545077213   1.5992004856858075
4.3500000000000005    12.685765519755725   1.4617814875987778
4.36                  12.157502236635374   2.0050304329359934
4.37                  13.523226671941746   2.3540779910056218
4.38                  13.235336471475717   3.383016317460802
4.39                  12.994980750408423   3.1364590156820036
4.4                   13.363482836157212   1.6127883659752345
4.41                  13.873701056837096   2.786798032443458
4.42                  14.180416138232454   1.6777934762923163
4.43                  14.926336192483634   1.7283251576667618
4.44                  15.276595683420036   1.806225728831429
4.45                  14.61914136137728    2.6720362218575806
4.46                  15.284692673893709   3.6544761582267338
4.47                  15.058791973923555   3.1233990411156007
4.48                  15.688224465460195   2.252393588442751
4.49                  15.993973992041411   3.9308040000980435
4.5                   16.297498912311248   2.7957888084343456
4.51                  16.56742777390066    5.038565072994227
4.5200000000000005    17.00606198510259    4.4656402492574445
4.53                  17.15981467142167    4.188235368188414
4.54                  17.088948880513446   5.456502728555153
4.55                  17.542117452589423   4.764242520918353
4.5600000000000005    17.92184365819127    6.253189943480666
4.57                  17.77726460894056    6.841900822457292
4.58                  17.523786670323453   5.353540160853392
4.59                  18.349005793173443   8.425222141004259
4.6000000000000005    18.909505077653847   8.845219985499506
4.61                  18.90384162847853    8.283382632274483
4.62                  18.86610659731336    9.639168939296203
4.63                  18.25539193661136    11.356119530266417
4.64                  19.60259971428249    10.703589732494471
4.65                  19.576546631506456   12.392269812735785
4.66                  19.97857304101835    13.588757069993548
4.67                  19.938376676089234   13.789677798769134
4.68                  19.503182720108384   17.418085497042014
4.69                  20.441453558483666   18.907790148197257
4.7                   20.29721878540391    19.447261738257495
4.71                  20.176859976056356   22.57590096588592
4.72                  19.68103564695448    25.469141086618897
4.73                  19.687273477314665   27.116792559279872
4.74                  20.033888968684312   29.20913933425172
4.75                  19.35205115777035    32.69073013466109
4.76                  19.373299177700293   37.4556712615256
4.7700000000000005    18.80536060032045    40.02276365665265
4.78                  18.084731078823285   44.72971873972286
4.79                  17.633463472266516   45.79137092066084
4.8                   16.950521691515014   50.836649489700584
4.8100000000000005    16.428928517840273   53.05584596338121
4.82                  15.386718466441689   57.181796352185415
4.83                  14.848055987885445   59.995736301520644
4.84                  14.978712315519667   63.026203840927366
4.8500000000000005    14.064409296614427   68.07874157816906
4.86                  13.75973108134511    70.54977770351232
4.87                  12.89901064759473    71.67522163360643
4.88                  12.165662907335935   74.69604531546372
4.89                  11.578022089758045   75.64066119595745
4.9                   10.363272577442926   77.06003640292393
4.91                  10.723052940722344   77.17704802832826
4.92                  9.633916522803556    76.64138414423809
4.93                  9.452195206783665    76.88996199147377
4.94                  8.542763704598164    75.17821051018852
4.95                  8.773919167241983    76.31688033833825
4.96                  7.754647811191933    73.10471822800828
4.97                  6.943625205432645    70.61935825461435
4.98                  6.909992380028536    70.54664686576865
4.99                  6.737335562736151    66.85549922331703
5.                    6.44074065394873     64.8254210181821
5.01                  6.395039135653626    62.62178205627319
5.0200000000000005    5.831353879587906    60.47839064734256
5.03                  5.482843759890732    56.643949780055024
5.04                  5.300409116992022    53.963922404500266
5.05                  5.388434570512438    54.33679277291373
5.0600000000000005    5.056384384033588    48.54388493239333
5.07                  4.791854960445734    47.5341670205376
5.08                  5.381095271478362    44.90021440298087
5.09                  3.919440140394151    43.14310113075185
5.1000000000000005    5.405331169421921    40.54946449032693
5.11                  4.5036211973631435   38.03804740244168
5.12                  3.582170906024384    37.23343169798258
5.13                  4.892682088622612    33.76326007466977
5.14                  5.276362424995656    32.612182776850254
5.15                  3.304332085372474    30.824171414013538
5.16                  4.110155933697126    30.090750320319653
5.17                  4.703970374305577    27.103712988228246
5.18                  3.5051834841507565   25.962250282817102
5.19                  4.075649975739454    24.94686496176974
5.2                   4.032686429618088    23.39678974332394
5.21                  4.065735080913119    21.14180442517347
5.22                  4.17484631238222     20.311295181997973
5.23                  4.288470051846218    18.89889685845332
5.24                  4.060699107958212    18.40471566974398
5.25                  3.7397025152349803   16.630447165683332
5.26                  4.432306748392264    16.691881546994203
5.2700000000000005    3.9461101501504707   15.122142282173922
5.28                  4.069333256087936    14.679978797520567
5.29                  4.680897431216292    13.149261908454577
5.3                   3.878925748114883    12.862706586711179
5.3100000000000005    5.204714861536367    12.69998165015601
5.32                  4.741653620892349    11.693750671478782
5.33                  3.944683113872199    10.904920972021698
5.34                  4.418136084827432    9.30668033019602
5.3500000000000005    4.715029279726413    10.357591350721142
5.36                  3.9560117333373666   9.32148172382915
5.37                  3.9075006358601057   10.130431950934646
5.38                  4.544839559079897    8.296907334407422
5.39                  4.884542837157802    8.012381458547608
5.4                   5.395500220304697    6.371214504911357
5.41                  5.165311969125575    6.460486021350253
5.42                  4.713186835462932    4.971012485892865
5.43                  4.458924332041673    6.25123150501423
5.44                  5.182824865635169    5.917163121179124
5.45                  4.842709121508952    5.526191081616583
5.46                  4.873502055041695    5.198885698046377
5.47                  5.193250262969503    5.391590719258351
5.48                  4.839212432166876    4.8491161224517185
5.49                  5.7018228556986665   4.340677028790825
5.5                   5.815871790992876    4.773251680031565
5.51                  5.4189607790471115   4.4257024974242105
5.5200000000000005    5.151108001333646    5.383867337617898
5.53                  6.013081410817455    5.275481578261521
5.54                  5.532258509650515    3.733022461619875
5.55                  5.378057166425597    3.8802588576297268
5.5600000000000005    5.807717286370698    3.3268868016616207
5.57                  5.951082476904778    3.914986244250329
5.58                  5.935838564776008    3.6037335488642253
5.59                  6.3930915363426335   3.767874477741093
5.6000000000000005    5.983158276100523    0.8152581047188301
5.61                  7.186869742168482    3.1340866465648705
5.62                  6.226387683762642    4.389134037364147
5.63                  7.667141891215878    3.3378939807163466
5.64                  6.333237026527896    2.36698226988452
5.65                  6.176993996915878    1.5380135587545403
5.66                  7.1730718882239515   3.0356498729383072
5.67                  6.936647853873451    2.7191247670837777
5.68                  7.872440981974904    2.7844636083668877
5.69                  8.015517549149703    2.706872041775842
5.7                   7.480711236017403    1.4153281516712015
5.71                  7.848442462902161    3.540461796820432
5.72                  7.799540641542848    2.29222883360052
5.73                  7.8881832879140825   2.3412775427540047
5.74                  7.810014347820396    2.02323388023613
5.75                  7.688958471807955    1.4774555834782952
5.76                  8.86791898856394     2.0830053741047854
5.7700000000000005    9.092271334824478    1.9768476396361305
5.78                  8.782984405161352    0.058800224804634205
5.79                  8.911492869682393    0.6042007032633441
5.8                   8.635341928614269    1.7597325631025682
5.8100000000000005    10.028393127678859   2.4191174206345485
5.82                  9.618834078973181    2.2866957453709515
5.83                  9.865745705779853    0.9021240653467122
5.84                  10.20486896726595    1.780886271717167
5.8500000000000005    10.149802264061366   1.5452514969956568
5.86                  10.257022846904576   2.6199127314398187
5.87                  10.312907879509744   2.0703367445914886
5.88                  10.423177585823561   3.4929670200935434
5.89                  10.405139450069335   1.5918621958940735
5.9                   10.402792107383405   3.6988185521441572
5.91                  10.769936128152763   1.2512576597616287
5.92                  11.106540579940168   1.415375187406181
5.93                  11.721642810469506   1.5448166442270435
5.94                  12.051908332009553   1.4847039695128497
5.95                  11.588028779625077   1.7340020413190496
5.96                  12.524877701655576   1.7858184866883253
5.97                  12.046237287063116   3.0698960501815016
5.98                  12.67709379433835    1.4511016848559475
5.99                  13.201461780393045   2.7141563665208386
6.                    13.295016320350884   1.858268793719252
6.01                  13.231948332161908   3.0630296791228533
6.0200000000000005    13.347666354141216   3.070222996434131
6.03                  14.440722290258512   2.508068012798859
6.04                  14.047708769195912   2.0983212681198435
6.05                  14.3342928684986     2.631909328636314
6.0600000000000005    14.02429924671699    2.845319781344304
6.07                  15.120665495521976   2.189626029051697
6.08                  15.215812553944637   2.8691204271716417
6.09                  15.820497679287746   4.003295018526266
6.1000000000000005    15.665175413807813   2.8478028896142678
6.11                  15.50327406283348    3.3176298520685314
6.12                  16.29759890104542    2.863323277793438
6.13                  16.982405622427372   4.164091335392883
6.140000000000001     16.601135209813194   4.5090691023334895
6.15                  16.744972276396076   4.221678563375746
6.16                  16.482468173042925   5.029573304516366
6.17                  17.603728884581834   4.533411628184641
6.18                  17.410791220561425   7.255844239469701
6.19                  17.589188445484666   7.242155958207567
6.2                   17.300372326685807   7.742282363839294
6.21                  18.225219381893734   6.625433375340564
6.22                  18.74778948701763    8.024988829104212
6.23                  19.090149245994976   8.126990242916943
6.24                  19.120709590554974   9.279962909518158
6.25                  18.515945227896655   10.46406451964139
6.26                  20.080253822613507   11.446202252752245
6.2700000000000005    19.30603410593222    11.85425551430973
6.28                  19.987795676814677   13.703130386602675
6.29                  19.94250936508366    14.59407117496054
6.3                   19.85589602672819    16.42218004456962
6.3100000000000005    19.735139886412636   19.53195484397852
6.32                  19.459195186222836   20.45772557259886
6.33                  19.589131835635154   21.90060249528739
6.34                  19.93190752086192    23.650864641220796
6.3500000000000005    19.955821162981998   27.353876393679563
6.36                  19.890736184345663   29.7078645679541
6.37                  19.363820979640625   32.41260722528134
6.38                  18.543705558044472   37.04819636080478
6.390000000000001     18.774626682139118   37.757541058864405
6.4                   18.595886587461816   43.09781674648723
6.41                  18.02246568234482    46.4680725530356
6.42                  17.460232377569344   49.59420159961482
6.43                  16.528734861108717   51.97208573936555
6.44                  17.032818306145693   55.78771573316408
6.45                  15.907867471374797   60.51421547246055
6.46                  15.245868064249718   64.60272930231585
6.47                  14.623954655179277   67.26653319292255
6.48                  13.79533365045683    69.16103337463518
6.49                  12.483225670396301   72.48065839612573
6.5                   11.562961351164157   72.60259756852786
6.51                  11.69184152779804    74.1220529058642
6.5200000000000005    11.598631237983543   76.06010755750077
6.53                  10.837821112903884   77.13715137328272
6.54                  9.806937593622026    77.97783252106188
6.55                  9.681588614763106    77.23897656393605
6.5600000000000005    8.240113760181336    75.44230580454543
6.57                  8.56901846266121     75.7192556538261
6.58                  8.528702672936591    73.71516072722665
6.59                  7.865704454616419    71.02899582828668
6.6000000000000005    7.101213092463371    69.18214100299254
6.61                  7.057532368297493    67.03222347643961
6.62                  5.884140744860275    66.30892998881679
6.63                  6.139389611533236    64.24931803474985
6.640000000000001     6.073303281435659    61.297854487230104
6.65                  6.1473113834486925   57.0785898007082
6.66                  4.7086259138975475   55.903034265992574
6.67                  4.887648264400063    53.014693970924725
6.68                  5.661579762962588    50.779440559702465
6.69                  5.2832570612845124   47.83712339171485
6.7                   4.655969878631016    45.95604508943649
6.71                  4.326582159161034    43.363361349074864
6.72                  5.083093584830076    41.300891406160495
6.73                  4.430230611369352    37.833734597877985
6.74                  4.251494368619817    38.10384242641838
6.75                  3.846322510039923    35.08873002971197
6.76                  4.544471872158253    32.21352995490168
6.7700000000000005    3.6751438148791906   31.63347321317098
6.78                  4.044030605169591    29.87695199963916
6.79                  4.385440123749727    27.662039428414776
6.8                   4.006921263913425    25.536298067538002
6.8100000000000005    4.555215307779334    25.35148809768617
6.82                  4.354122375821794    23.128159941647287
6.83                  3.972333702544653    21.707359710880226
6.84                  3.418735692954766    19.113034307568036
6.8500000000000005    3.5140996392222084   19.13702724604177
6.86                  4.626550064733355    18.944867101873704
6.87                  4.290072904784115    16.99127216023349
6.88                  5.058315206758781    16.61066904947361
6.890000000000001     3.8773722856003427   13.785501024601148
6.9                   4.720662212112776    15.451918502502217
6.91                  3.160735521786445    13.255568126032589
6.92                  3.864329206425039    12.053062731701806
6.93                  4.087324572368497    13.171885530673114
6.94                  4.134483136450651    12.44904785719727
6.95                  4.94389385304701     10.109418926571829
6.96                  4.518027246123567    10.376399479520044
6.97                  4.221913482837722    9.83700332285726
6.98                  4.9079349953641636   8.476188657063808
6.99                  4.601426168440125    8.610332377195046
7.                    4.318086881612684    7.349943316091688
7.01                  4.168761888194946    8.18547882544727
7.0200000000000005    4.282437973696834    7.451833271604724
7.03                  4.992047078024341    7.499110398755375
7.04                  4.904118287934299    5.679134506039295
7.05                  4.99578301460733     6.842869894518352
7.0600000000000005    4.069772433286714    6.054324784771852
7.07                  5.397580502482102    5.868188074993666
7.08                  4.926120511519981    6.335412506603978
7.09                  4.819144913934868    5.885572198552263
7.1000000000000005    5.451117367479141    3.8859374010748216
7.11                  5.49218361905814     4.721198932927468
7.12                  5.170699787482894    2.09967513317099
7.13                  5.23150986816107     4.2995165975438665
7.140000000000001     5.355883520884824    4.001180384288214
7.15                  6.644023434623067    3.799399924687677
7.16                  6.126725488678822    3.5878631275254214
7.17                  5.818612355285906    4.704030902070323
7.18                  6.131804833480623    2.3755294242854537
7.19                  5.70440233238664     3.521061331355745
7.2                   6.538225385681693    5.5852721759844215
7.21                  6.597441008121954    2.470355649719729
7.22                  6.201772986129102    3.2790663836293574
7.23                  6.011381414614602    3.7517523425927575
7.24                  6.296858403900027    1.199550955725006
7.25                  7.449454810684077    2.6345377587622036
7.26                  7.041699592413032    2.3626951913556278
7.2700000000000005    6.992009290997207    1.8333739135772054
7.28                  6.401372434294778    2.1064142966776225
7.29                  7.452566579800123    2.3415097883487075
7.3                   7.170819277765681    2.310746073268699
7.3100000000000005    7.163710902917694    3.9123120383709455
7.32                  6.96946141234029     1.7139514666259144
7.33                  7.878760304489196    2.3179250052538336
7.34                  7.478037507366931    1.5159093470962244
7.3500000000000005    7.704279547308883    1.3415051175487287
7.36                  8.199229149401807    1.4920295101742416
7.37                  8.236267120813123    1.3004468674764822
7.38                  8.18491577362625     1.5226258244115227
7.390000000000001     8.543998301787925    1.1633569434054634
7.4                   8.414116674197313    1.5999279667177708
7.41                  8.913573690636644    1.422747988340361
7.42                  9.13582994072474     1.4303800708243275
7.43                  9.722583326283829    4.035463703777202
7.44                  9.100915336163226    1.849705630529329
7.45                  9.162355035570313    1.1455258476528551
7.46                  9.755679968869266    1.7893120568797714
7.47                  9.963369109885084    1.1904791740754854
7.48                  10.469305049187579   2.056929508138059
7.49                  10.97648653569464    1.5060796535078103
7.5                   10.17785190297538    2.964317369134206
7.51                  11.498722097735229   1.0434496358385101
7.5200000000000005    11.128526881451513   1.8949409815462932
7.53                  10.653405577770346   1.7091808117241911
7.54                  11.090652692193764   1.263480111115363
7.55                  11.238071523544571   2.2087303623287413
7.5600000000000005    12.800741947035007   2.736493481044027
7.57                  11.998833229439354   1.526608796453224
7.58                  12.227967808122429   1.7929319570199649
7.59                  11.693040937019003   1.9247463236431481
7.6000000000000005    12.800044216353056   1.8368116449521283
7.61                  12.790424447414974   2.684380779737185
7.62                  13.053962033723      3.197062510494307
7.63                  13.236680061615123   2.082742284068
7.640000000000001     14.068113759762754   2.6856957692911068
7.65                  13.55037232974407    2.8016396992532333
7.66                  13.492817756326852   3.065516778075873
7.67                  13.760527073624388   2.627066283410088
7.68                  14.401177762622826   3.056880033279792
7.69                  14.986023925512045   2.0318593179244746
7.7                   15.402645349166107   2.594516984038508
7.71                  14.76039108938522    0.32748575190822526
7.72                  15.522562118699515   2.750249106528561
7.73                  15.278369822020363   4.0165823288409195
7.74                  15.789870235925054   4.697614213443563
7.75                  16.088457778671728   3.428297324473951
7.76                  16.530662734921183   4.422007609455518
7.7700000000000005    16.269354907420954   4.257889470141105
7.78                  16.53137868435195    5.249157435205254
7.79                  18.116722771997974   5.718083411158416
7.8                   16.879392533766      6.113481771611543
7.8100000000000005    17.70952579375499    6.01639119329619
7.82                  18.56066958167788    6.366301902646061
7.83                  17.863871147767178   7.240105649234806
7.84                  19.26045998114926    8.878201773710474
7.8500000000000005    19.53262730238413    9.140267728264643
7.86                  18.66543345442442    9.423221713890664
7.87                  19.198786561671557   10.891073055807695
7.88                  19.566271451301994   10.692873461944504
7.890000000000001     18.59497272302708    13.61196570570441
7.9                   19.497577772052978   13.67256438794633
7.91                  19.55517916852218    15.35553071238647
7.92                  20.686702204076227   14.54785660623098
7.930000000000001     19.98075853251232    17.161250842297303
7.94                  19.860672916139695   20.000595475674487
7.95                  19.83618306307659    21.98910397412258
7.96                  19.970153293027973   24.615450179766935
7.97                  19.3672651346023     25.9058577547032
7.98                  19.076409011578804   28.611621019104085
7.99                  19.02406707569888    32.90446370296811
8.                    19.396825165155764   35.58765037981488
8.01                  18.550740707807137   38.59530448703686
8.02                  19.097915156811904   41.622199443541284
8.03                  17.648697472726298   44.54239185502651
8.040000000000001     18.201012929929263   48.94755433263277
8.05                  16.22922787707688    52.273142361690084
8.06                  15.828665134194075   55.389461955710296
8.07                  15.92794949559596    59.20527502345201
8.08                  15.472720205738229   63.28549827978954
8.09                  13.824294570499612   65.8295742101738
8.1                   13.74491920652866    68.6728396897422
8.11                  13.400583233035443   72.63245706355504
8.120000000000001     12.128111394060925   73.4939429455576
8.13                  11.814616312801169   73.89442397264153
8.14                  11.229840376277298   75.61242689957646
8.15                  10.456951981447489   77.09165466681509
8.16                  10.150686488383808   76.46915499323215
8.17                  10.388778731832414   76.47919797163347
8.18                  8.457059450702758    75.58667053842021
8.19                  8.404098748502973    76.42553983480751
8.2                   8.3108227056211      73.88353054169991
8.21                  7.3827288277597605   73.69154526418635
8.22                  7.063550275830939    69.6524059647065
8.23                  6.685616916115411    69.32193403837724
8.24                  6.823804470410384    65.47993445423631
8.25                  5.937707237128903    62.36437429568529
8.26                  5.951270883583532    61.92493933811651
8.27                  6.457469224240452    60.083228523175244
8.28                  5.227510502442695    55.88965987268387
8.290000000000001     5.2117193027472615   54.18047147772448
8.3                   3.9742509843775617   50.06146076567254
8.31                  5.495755468289254    49.10607948404464
8.32                  4.413193705052609    46.69761437021868
8.33                  4.446684659554826    43.665897026358195
8.34                  4.565986369621465    42.461575174734996
8.35                  4.286300978889713    39.78831801025005
8.36                  4.838655489758656    38.437473958224835
8.370000000000001     5.096588215769717    36.76401111940556
8.38                  4.201656778214498    34.395764216779014
8.39                  4.189999699444719    30.1082293429887
8.4                   4.077725847598066    28.972245490690323
8.41                  4.011921764517463    29.446658748200388
8.42                  3.9107294319667796   26.593533227338725
8.43                  3.788380029903741    24.73841555718621
8.44                  4.170488981776545    23.045446367867857
8.45                  3.9039459457807633   23.550253701397622
8.46                  4.493382344266281    20.92240873564506
8.47                  3.8551562119518388   19.71385304266714
8.48                  4.684181339906796    18.930489915827085
8.49                  4.1000159593913565   16.331085960687396
8.5                   5.5245356862932695   16.756867497886194
8.51                  3.3314121132169214   15.401515246924424
8.52                  3.7693495432663795   15.09662920865344
8.53                  4.55374357946152     13.345269529781117
8.540000000000001     5.009050575078349    12.642997192368911
8.55                  4.147060132656101    12.88358104532507
8.56                  4.1168305164870524   11.264747167030608
8.57                  4.477423185123198    10.780453822354584
8.58                  4.788075226372356    9.641480260703418
8.59                  5.201487437945986    10.334969610180767
8.6                   4.5032396024539265   8.380400624076364
8.61                  4.183939302548357    9.144303294613914
8.620000000000001     4.456999029934476    8.526282388776135
8.63                  4.163821837283794    8.520133737299188
8.64                  4.009423902075687    6.1832462735860965
8.65                  3.8540733538403193   6.195837676266718
8.66                  3.9568500280310763   6.884356088301608
8.67                  5.120948884982057    7.339410336607923
8.68                  4.589398954193251    6.138363775073365
8.69                  5.715059394554581    6.0137111720253
8.700000000000001     4.952542107678126    5.008873810097845
8.71                  5.27008374355889     6.3219680199996136
8.72                  4.926582881090272    5.0066944939544715
8.73                  4.91415663098012     4.627480797438557
8.74                  5.726922092428587    3.088376736406913
8.75                  5.943749707004614    4.017496992753524
8.76                  4.870873247552661    3.869822782871159
8.77                  5.114286430604397    3.541825193848297
8.78                  5.929301138584742    4.293387726798872
8.790000000000001     6.025210644388972    3.606377556296302
8.8                   6.701867565632435    3.625592178869195
8.81                  6.152619362122729    2.5983264032129876
8.82                  5.811997205697752    3.892254268904047
8.83                  6.818672301175914    3.2849527485215595
8.84                  6.577961835734428    3.975402057757834
8.85                  7.133287980015548    4.254033220619927
8.86                  7.356163691226893    3.9851133187387573
8.870000000000001     7.411425279816854    1.9864106098477947
8.88                  6.374880220624913    2.783882252797121
8.89                  6.446318989148064    2.116807365438119
8.9                   6.574547370900939    1.3681932716294067
8.91                  6.666163611142647    1.5750755058004673
8.92                  7.013764962143485    0.6404508653004211
8.93                  7.144008687813717    3.1375717490067
8.94                  7.761609477193887    3.1384342320547027
8.950000000000001     7.188682395336329    1.2093851085284897
8.96                  7.904078436225885    3.720862778426765
8.97                  7.703429538983486    1.7987192661478373
8.98                  7.527720177731956    2.167282702550796
8.99                  8.382771727252258    2.6801609786849454
9.                    8.802200900755334    1.1262381793767775
9.01                  8.200461006437715    2.3057857334119056
9.02                  8.339041541412435    2.2415210556888514
9.03                  9.164271666739978    2.2149121787240373
9.040000000000001     8.131365830979227    4.285168482566836
9.05                  8.537504039645958    1.9144706262683349
9.06                  9.228530424751797    1.0724209766088235
9.07                  9.210038701773305    1.5264304987137614
9.08                  9.853060369408743    1.9277738480523532
9.09                  9.613355332738804    1.2074831801243013
9.1                   10.350534514705387   1.4184768931257952
9.11                  9.472821477864619    2.1684956507384694
9.120000000000001     10.803490557107507   0.45015287386646197
9.13                  10.226678741839939   2.6618916461854156
9.14                  10.021075799791191   2.0379708513851975
9.15                  11.396832459320093   0.6063027279947357
9.16                  11.480611338317466   2.1164895523523395
9.17                  11.333496701530406   2.2564834924066055
9.18                  11.491131199620703   1.1556441064299854
9.19                  12.371389418021797   0.9015356875921401
9.200000000000001     11.872521746676265   0.8776243369778074
9.21                  12.104598296682548   3.8007770066400055
9.22                  11.99733134438965    2.519778409871134
9.23                  12.721000121576866   2.0448854222786106
9.24                  13.061454842487416   2.286697076752931
9.25                  13.61588718268715    2.397573713951926
9.26                  13.24646579648421    2.1924918042637747
9.27                  13.49079096304827    2.3155514716514234
9.28                  13.923585370413832   1.8698320198752887
9.290000000000001     13.416386335896664   2.106029506595716
9.3                   14.327349506930258   1.3984344362429102
9.31                  14.924910046460067   2.6921699235820307
9.32                  14.741477313540527   2.056333638760842
9.33                  15.685473773844683   3.421165701480171
9.34                  15.408773647878483   3.32907864298148
9.35                  15.36934408054392    4.283364286967243
9.36                  16.14169669065588    2.436207546176747
9.370000000000001     16.741769412340144   4.355807439757091
9.38                  16.423709514106932   2.655345131327601
9.39                  16.6784965093945     4.722194170379086
9.4                   16.59747521465925    4.470953481016434
9.41                  17.570237572602075   4.427742931997792
9.42                  17.81941812993631    5.808564150601388
9.43                  18.131252491093505   6.6320586003635675
9.44                  18.24081428785599    5.541971007278945
9.450000000000001     17.714638178276445   6.636618076203927
9.46                  18.5955324696496     7.637123359766253
9.47                  19.355793192227843   7.47178736233693
9.48                  19.22797559189356    9.341331409615249
9.49                  19.424718311864883   10.083174283112532
9.5                   19.517186628098422   10.11105863463701
9.51                  19.202053582787602   12.76330788921214
9.52                  20.05217971732082    13.969195277408268
9.53                  19.744493203124506   13.763075506366942
9.540000000000001     20.203710077068816   14.510732960556856
9.55                  19.84416251263908    16.771755535159365
9.56                  19.780924875761986   18.23295538484498
9.57                  20.202151815907015   18.613410100826037
9.58                  20.000195930130914   22.398675431516672
9.59                  19.674463518393367   25.865826145526455
9.6                   19.082581585634347   27.116809543438233
9.61                  19.010187005980743   31.146851690928983
9.620000000000001     19.369124649575785   33.032409097592065
9.63                  19.429886308386802   37.86055113044881
9.64                  18.401734385768822   40.28408479567902
9.65                  17.150394825227828   42.166867703502476
9.66                  17.971727766890968   48.51195940022769
9.67                  16.921802620703666   51.71115258985458
9.68                  16.298922457098772   54.101153938759424
9.69                  15.563099551498414   57.83865036943846
9.700000000000001     15.509449342544837   62.63886734188067
9.71                  14.520894211739696   64.82061134318988
9.72                  13.215935726603561   67.43966136837874
9.73                  13.723576221932227   71.37007640880383
9.74                  12.592840478845698   71.65109821110599
9.75                  12.435435821161347   75.3105230586324
9.76                  11.338878770764248   78.60722372318651
9.77                  10.879744262921303   76.22606300461045
9.78                  9.915961813845376    76.34278983648039
9.790000000000001     9.619272966815744    77.16529362054872
9.8                   8.27061581194575     76.25814649810467
9.81                  8.340194292120879    75.64412063934029
9.82                  8.467389626599982    74.34891775489125
9.83                  7.5222779750484      73.62770299456781
9.84                  7.9097005418745985   70.75682764436763
9.85                  7.105879958083981    67.938038746258
9.86                  6.594010236663757    67.02433167208173
9.870000000000001     6.612091421562434    64.79097889066236
9.88                  5.7923050638989375   61.2821615989548
9.89                  5.463295669526928    59.650542341813384
9.9                   5.0407403247272375   55.74609867387473
9.91                  5.043927893713873    55.08998503293061
9.92                  5.118733524357579    52.096801717490784
9.93                  4.980671072766563    50.83511640430264
9.94                  4.900809284343785    48.071275021516286
9.950000000000001     4.461369199557766    44.03540319943093
9.96                  5.114426388666002    43.687800554880816
9.97                  4.363508313189162    41.22412143124595
9.98                  4.546962048982873    38.7425956877835
9.99                  4.571074355561013    35.90559303583156
10.                   4.731679180725514    35.02975156818801
10.01                 3.8703322772389517   32.042066886826355
10.02                 3.9305474935165465   30.33206702028268
10.03                 4.482107439690764    29.02107621690903
10.040000000000001    4.663024148711467    26.512736191362137
10.05                 4.400717646990055    24.67540243497964
10.06                 4.860388412022673    24.140606703962646
10.07                 3.7077053075474873   22.438636073541176
10.08                 4.0012747281723025   22.046605738553026
10.09                 3.986968006578834    21.29504505998402
10.1                  4.040373176383698    18.533795711855404
10.11                 4.017120828238988    18.59025125131361
10.120000000000001    3.9099385645328293   17.171890486450316
10.13                 4.027196352386171    15.940844382612594
10.14                 3.048831206807743    14.308459418080027
10.15                 5.108499425526489    13.303699047726372
10.16                 4.13458866163589     14.286774525253248
10.17                 3.860962324037422    12.897043326851165
10.18                 4.621093026841438    12.202866300865
10.19                 4.025529835186578    11.235456984603692
10.200000000000001    5.058759017147007    10.561311804506566
10.21                 4.428388165642042    11.356861500947934
10.22                 4.674718899944061    10.25953979657497
10.23                 4.534881121758443    9.375194512243594
10.24                 4.556253400106197    8.805935576544309
10.25                 4.104373173472522    7.7004312438433935
10.26                 4.187428336256217    8.079969305961411
10.27                 4.582438080770104    7.025296045154169
10.28                 4.530444616738527    6.613642308664822
10.290000000000001    4.969386831528304    6.647992088735426
10.3                  5.739030776771538    7.976580690078446
10.31                 4.599442345537579    4.753231514411724
10.32                 5.78668351164259     4.988063713594613
10.33                 5.022212563427791    6.062393685494733
10.34                 5.11818875924734     5.472061469122338
10.35                 5.752637006775262    4.375216103218315
10.36                 5.720019773696353    3.9371414572877494
10.370000000000001    5.3990411505737645   5.48524805666689
10.38                 5.483130100207653    3.5953467465902964
10.39                 5.895895554649051    3.1261145304498994
10.4                  5.657783448966506    3.394836506586511
10.41                 5.479892177314198    5.179108100391685
10.42                 5.312651155427806    3.0301448173204615
10.43                 5.920171687946746    2.3512861146579263
10.44                 6.654290920514934    3.6707742055833474
10.450000000000001    6.552143314527118    1.434692444673045
10.46                 6.338160044179577    3.679767785375729
10.47                 5.73827586047307     4.2502357189670645
10.48                 6.687336247411595    1.9681391162795072
10.49                 5.82524501409065     3.227399132254751
10.5                  6.4414467434579965   2.5330524638692276
10.51                 6.029021394823425    2.811324739592645
10.52                 6.993867942232939    2.9416473287686977
10.53                 6.660439094488362    2.4663680378513524
10.540000000000001    6.658579077254364    1.7461832620551756
10.55                 7.655297299885066    1.5505992591135986
10.56                 7.475134440659828    2.562310438044079
10.57                 7.450285463010793    2.2996356234887623
10.58                 8.442753171847135    3.9496860845984614
10.59                 7.8153745103045305   2.705100504567879
10.6                  8.27403169227447     2.689368081112181
10.61                 7.985476129324449    1.4905395493275708
10.620000000000001    8.657662805961602    1.916173017771573
10.63                 7.993811213483446    1.9432782388720293
10.64                 8.560281363597843    2.630897142134295
10.65                 9.394451515049179    1.6981205567159086
10.66                 8.71679068178572     2.3953074080852614
10.67                 8.436252519853339    1.3159768212358967
10.68                 8.9910371292113      2.281976420685703
10.69                 10.062543387404647   2.1575772297509124
10.700000000000001    9.059016355304209    1.1341094215615306
10.71                 9.793179560871696    1.1931503260220113
10.72                 10.116435344212023   1.8159106328353034
10.73                 10.03811676246818    1.1368174215581246
10.74                 10.05028549227176    0.9298231819683215
10.75                 10.019708800216852   1.945386053256162
10.76                 10.763138479236243   2.419460723053283
10.77                 11.395155419172434   2.281530735670181
10.78                 11.53064095642119    -0.02805818311581687
10.790000000000001    11.261731218392397   2.2289408585286656
10.8                  12.066175968152635   1.6722043776162316
10.81                 11.200178196544227   1.2170632559235914
10.82                 12.159827018077069   1.0668889751969102
10.83                 12.175410558208371   0.6099457592735735
10.84                 12.667351629172584   3.6509102653230405
10.85                 12.298000579130898   3.178110867836457
10.86                 12.404242360709343   2.331296006191222
10.870000000000001    13.977617128057448   1.5658803685974827
10.88                 13.43186041737444    2.5827388803051634
10.89                 13.20979898258872    1.9194064246450733
10.9                  13.074932956312013   1.8396773120303784
10.91                 14.524499128716451   2.1172735862135292
10.92                 13.656268178472235   1.8186948409125323
10.93                 13.873062997355166   3.1095648397381055
10.94                 15.030822369913874   2.996173567812254
10.950000000000001    15.042835940143975   3.390424004790431
10.96                 15.389202619292961   1.6900605518547145
10.97                 15.7629092645244     3.8051081743674016
10.98                 16.107405212605165   2.541259226561319
10.99                 15.182037515506794   3.255566065435908
11.                   16.240001290485917   4.611554440071559
11.01                 16.278903460658693   3.760544898442491
11.02                 16.415680612446323   5.629811390188948
11.03                 17.277021910126475   5.087134598454162
11.040000000000001    17.2174203591059     6.010596619859062
11.05                 17.863253403579353   5.648130833280687
11.06                 16.874359147559797   5.2176754354623744
11.07                 18.691428223687712   6.749415938945994
11.08                 18.30992765680608    7.125299563919139
11.09                 18.164849238262544   6.378018084164552
11.1                  18.660573313553325   8.286437633276229
11.11                 18.134625722984598   8.519007703060524
11.120000000000001    19.749734568529284   10.90532896747864
11.13                 19.411443877452882   11.948613436740384
11.14                 19.912777282636796   10.928118617700127
11.15                 18.99563132344001    14.099083011160346
11.16                 20.119214270151552   14.896674162198092
11.17                 19.587125957014784   16.931474918812185
11.18                 20.135332128369058   19.78870928219468
11.19                 20.308736206812807   21.222821334823088
11.200000000000001    19.9403202421107     21.643743146508324
11.21                 19.553996954627824   24.375451266304978
11.22                 19.079520921608655   26.746673888106155
11.23                 19.541084860571473   29.300174484110098
11.24                 19.69379373665681    31.996823233905584
11.25                 20.35653731831836    35.67166822742556
11.26                 19.673032836063445   40.85207887234375
11.27                 17.839803568770755   42.959355242051714
11.28                 17.950608850463375   48.16204630091315
11.290000000000001    17.364346652260352   49.58095061421053
11.3                  17.121980266281074   55.30030159478862
11.31                 16.335673122007258   56.86135709824988
11.32                 15.487327138160438   60.31183079836478
11.33                 15.52162241577762    64.05552384186379
11.34                 14.848096888965996   66.67961904869267
11.35                 14.106891111954624   70.24000204578088
11.36                 12.933032208850332   73.00520750881013
11.370000000000001    11.7951693752564     73.29006991722639
11.38                 11.034649628642681   75.63298378137307
11.39                 10.72248284399013    75.49998752198601
11.4                  9.977629494640292    77.81583298564755
11.41                 9.113667253336303    77.84534567683043
11.42                 8.92829575865468     76.94311695027376
11.43                 8.808418309649706    75.72500513042117
11.44                 8.20234065661944     75.09013323873694
11.450000000000001    7.465490775806174    72.65933346258214
11.46                 7.809178791543534    70.18080012722636
11.47                 6.352814913683988    68.83295729450944
11.48                 6.742834030881583    66.5021107802308
11.49                 6.338375550499038    65.5106033529292
11.5                  6.285194042474332    63.089977565843306
11.51                 5.786552773215738    59.73617652643076
11.52                 5.7293225423766945   56.884940775601734
11.53                 5.095868726777194    55.97084362645202
11.540000000000001    4.784755899523259    51.18156662737898
11.55                 5.3316736374857525   49.51381623373858
11.56                 5.1808526832158375   47.762137228959475
11.57                 4.931612787214623    44.54799781522803
11.58                 4.260433227084156    43.19997368851219
11.59                 5.260243965451053    40.77254890331797
11.6                  4.216366663907209    38.74727959832925
11.61                 4.044541908945772    35.59235895905478
11.620000000000001    4.535146210776231    35.2007584196787
11.63                 4.03788441930066     31.169775682501303
11.64                 4.413441482974644    30.566032520993918
11.65                 4.851511319797689    29.601638398475195
11.66                 3.7384768363481493   27.177471171039073
11.67                 4.90566800241389     26.123241829808336
11.68                 4.325118004115679    24.71744098424548
11.69                 3.1664991494839714   23.359810225674877
11.700000000000001    3.999954458519165    22.400164262254343
11.71                 4.224903756796712    20.862572739945552
11.72                 3.6443725557021542   18.51567278870235
11.73                 3.616500731934792    17.72674180328766
11.74                 3.7588556535067355   18.1401052427648
11.75                 4.481510377772643    16.047348000082316
11.76                 3.8994165316928333   15.342718935952089
11.77                 4.121296498429772    15.123478656443359
11.78                 4.481011902860524    12.353195184674787
11.790000000000001    4.176632860136216    12.658177830967649
11.8                  4.433993503572055    12.902237130010743
11.81                 4.372291965023737    11.749908804909198
11.82                 4.037650208296071    8.240490542074168
11.83                 4.948603650551242    9.172184192927553
11.84                 4.731668384932322    10.210917668494472
11.85                 4.571196690644978    8.718632040716654
11.86                 4.60650904109115     7.9659390536180865
11.870000000000001    5.993463343184185    7.127941205595101
11.88                 4.612236609493213    9.042083404464352
11.89                 4.903209748231659    6.947715065773604
11.9                  4.790684685837641    7.108294725939931
11.91                 5.377311218750345    6.740872983707286
11.92                 5.409059605247488    7.187304713409889
11.93                 5.476670522885962    6.084843954722758
11.94                 5.078357523550214    6.147643420124676
11.950000000000001    4.199567312325804    4.867125562056684
11.96                 4.471205667597436    5.400632865665802
11.97                 4.98940155924483     4.248781953816118
11.98                 4.800829789356536    4.594723565119947
11.99                 4.465250898812335    3.9599830760447103
12.                   5.13875466321033     3.3528065503486246
12.01                 6.0806839798335135   4.456036967104044
12.02                 5.14844371760093     5.447056997041706
12.030000000000001    5.929894856912715    2.770699704194455
12.040000000000001    5.7733685062730595   3.552130329861093
12.05                 5.528576356688472    3.8518643100426457
12.06                 5.887066242271589    3.6439663627979826
12.07                 5.79902726278206     4.288297837327307
12.08                 6.402203388252227    4.479403207658063
12.09                 6.752215085216475    2.3520343649614435
12.1                  6.8296444380687715   2.9786162093771154
12.11                 6.874333462808811    2.415361161701422
12.120000000000001    6.943322649333569    2.452572738411342
12.13                 6.285222845915635    2.3231096037503476
12.14                 6.554338690670246    2.0382030386444128
12.15                 6.194194442418314    2.814633783527587
12.16                 6.9919421790329315   2.2215308602759842
12.17                 6.876578508177092    1.8027483061918859
12.18                 7.313116615440945    2.5494664997686862
12.19                 7.983023834831121    1.6968368817582116
12.200000000000001    6.592016145602531    1.6303194559481362
12.21                 8.004978168306755    1.6073637547735369
12.22                 7.569671367533041    2.0910281151178762
12.23                 8.42235874429302     1.6896733957054362
12.24                 8.210439410107172    -0.4559605959982924
12.25                 8.617530936462902    2.0487388383113374
12.26                 8.60611915329834     0.575758403013424
12.27                 8.902538966759396    2.9772861460724678
12.280000000000001    7.972941542690095    2.4064583744015184
12.290000000000001    8.636217969132755    1.304712176945092
12.3                  9.149613166482075    2.2871422363761242
12.31                 9.647893225073654    1.2407077394979522
12.32                 9.379401255474303    2.7644552215169274
12.33                 9.282984055101943    3.5056981923777197
12.34                 10.347729972863467   2.144222299420418
12.35                 9.96717621126643     2.3774718271177515
12.36                 10.49464938598874    2.3692008853675377
12.370000000000001    10.902870860088601   0.6825045508447092
12.38                 10.750652869602908   1.4953617462894775
12.39                 10.923145890322932   1.4374321081842032
12.4                  11.252325891779932   2.023236232266217
12.41                 11.086964525379399   1.4527541797862573
12.42                 11.202255177495362   1.6643422487450605
12.43                 11.545445184356161   2.488697445357141
12.44                 11.570454393218498   0.9448618087860525
12.450000000000001    12.06615143796202    1.5196109706504695
12.46                 12.537877884120563   2.4537944386816806
12.47                 12.432477536771694   2.219035099789562
12.48                 13.371734538703434   -0.13229992171367888
12.49                 13.083443777621683   0.8671490746226256
12.5                  13.023830257656595   2.9789157789443115
12.51                 13.88917647779748    1.6537119576031682
12.52                 13.927797540865525   1.5685477764999125
12.530000000000001    13.790104349661599   1.0549955047700967
12.540000000000001    14.063318708704367   4.079543936829705
12.55                 14.198595181400215   2.4476488292652565
12.56                 14.76579788425206    2.8240025661913144
12.57                 15.240379848081965   3.1697236981941392
12.58                 15.03850498740612    3.362009032348778
12.59                 15.888389913900024   2.924317499224845
12.6                  15.484191255856873   3.125056372271868
12.61                 16.08152549206159    3.8748432300856894
12.620000000000001    16.596205890242032   4.25133132657086
12.63                 16.047038064237704   4.39232911263697
12.64                 16.65693448003979    4.812049493928925
12.65                 16.555733231004883   3.3060077246905855
12.66                 17.527032342620654   5.676483317173252
12.67                 17.657425487460653   5.2625268207192395
12.68                 18.290040669707764   5.8542644412878735
12.69                 17.737538787360226   6.5204743082584615
12.700000000000001    18.8204701454172     6.073489699255998
12.71                 18.333266501763745   7.984080011183915
12.72                 18.312173676597954   9.545657697022598
12.73                 19.180344611996464   8.511930894743362
12.74                 19.770326497958326   10.268529709535322
12.75                 19.04853770686459    10.801456182426723
12.76                 18.986932399240754   12.988964461263498
12.77                 20.061392494503842   13.947470951732322
12.780000000000001    19.214316043736055   15.881244348401712
12.790000000000001    19.543427728223524   15.982720819204234
12.8                  19.74200362566647    19.53347221812888
12.81                 20.000129760755012   18.778666381916864
12.82                 19.449683334736427   21.372904009721385
12.83                 19.77293199065851    22.075736471684554
12.84                 19.924730769306386   26.26665970097147
12.85                 19.43082639784945    28.68364175254043
12.86                 19.845172016528707   32.429792927440886
12.870000000000001    19.04875922081549    35.30386638578022
12.88                 18.86076352006723    38.64729445818196
12.89                 18.219790089904656   42.21892459914329
12.9                  17.114646532374486   46.873740007753035
12.91                 18.131702495811332   50.25764378076891
12.92                 17.048566068373376   52.435396979068464
12.93                 16.185902771910524   57.57506812566441
12.94                 15.902413508137519   59.87820879637805
12.950000000000001    14.896909174043241   64.08969159163739
12.96                 14.664555088164988   66.83018610628528
12.97                 14.093710731358845   70.40264215325585
12.98                 13.385729252685802   71.7294824248951
12.99                 12.048204745872848   73.54542591011875
13.                   11.1512939698237     74.25171753535007
13.01                 11.567655318363332   76.56668397871655
13.02                 10.809065590201957   77.77121102672746
13.030000000000001    9.924490202442126    78.52360618534945
13.040000000000001    9.933844661016343    76.91748177923506
13.05                 8.415555921022255    74.77274995228385
13.06                 8.398086207225276    75.54501763464499
13.07                 7.844246163436556    73.8575800317669
13.08                 7.367049042095363    73.11184896488052
13.09                 6.962115418561243    71.58364740876935
13.1                  6.401791759889265    68.43981841123379
13.11                 6.5461207696128      65.2316407985501
13.120000000000001    5.731283301313101    63.78587142799049
13.13                 5.9182715632398635   61.2214831507554
13.14                 6.463197325408018    58.841310979959445
13.15                 4.894627878379147    56.53676819540988
13.16                 5.521781308427501    52.3648691292318
13.17                 4.754931569068179    52.522980924659166
13.18                 5.053305297414119    49.696554572158334
13.19                 4.690230528368253    46.62945358082955
13.200000000000001    4.484481033242963    43.577113813991986
13.21                 5.09109441315603     40.64027748651379
13.22                 4.713941048038906    39.682163940720315
13.23                 3.947057971550309    37.96288236234773
13.24                 4.226438820781209    36.1950805283456
13.25                 4.490887506054024    33.07506218717865
13.26                 4.090254379705438    30.903870854877972
13.27                 3.7524935137101934   30.93268464071344
13.280000000000001    4.158835964735305    28.567529242661482
13.290000000000001    4.208581565402608    26.80742858101271
13.3                  3.7081255584291575   23.997965581489204
13.31                 3.998044315357346    22.57485279318591
13.32                 4.156995767050859    22.28566439442788
13.33                 4.277792309320456    20.536716489641872
13.34                 3.52053115783299     19.79804462781374
13.35                 4.463972489832704    19.388994562983743
13.36                 3.8387161101802416   17.052498675860132
13.370000000000001    4.124317688911087    17.967557028522272
13.38                 3.779575272316491    16.08851738573119
13.39                 4.071766261019378    12.985316859292787
13.4                  4.503403015484253    13.092368254991362
13.41                 4.23124564813157     12.710034935933114
13.42                 4.383731307492803    11.618047310503147
13.43                 4.866932088577393    10.315701098127567
13.44                 3.942274156181273    10.911133047453056
13.450000000000001    4.761999640052776    10.751685771009436
13.46                 4.538987916308712    10.44809091138616
13.47                 4.07044207505984     8.322946771944341
13.48                 4.543948062301671    9.421063373552125
13.49                 4.212438132850728    8.469736144410772
13.5                  4.797786684685415    6.841560808551787
13.51                 5.170533764846997    7.293010227815715
13.52                 4.831482762323503    6.330610800371478
13.530000000000001    3.9228704762485447   8.244147594883477
13.540000000000001    5.030575249081372    6.50043036379957
13.55                 5.279422862966295    6.453910104926003
13.56                 5.417947184167948    4.78211473695979
13.57                 5.1263968246771565   6.126189511088444
13.58                 5.3133457930367864   4.940196425798441
13.59                 5.249731360943576    4.51477996731897
13.6                  5.2077989447995865   4.215928856946356
13.61                 5.37024073267854     4.204226396422355
13.620000000000001    5.793483529203668    5.180596082194253
13.63                 5.934926659618356    4.336459402990274
13.64                 5.616413721952569    3.2011079483178246
13.65                 6.223734921881604    3.3758047546891032
13.66                 5.441963943907462    3.6556548372518614
13.67                 5.675804435505126    3.414751373417191
13.68                 6.046884719149477    2.573094658982533
13.69                 6.3166022312564705   2.9618763638052634
13.700000000000001    6.472072508829695    1.6665789867994933
13.71                 6.728390871758355    2.835102769039459
13.72                 6.4428239556543      1.4343556659205579
13.73                 7.128641609811558    2.670533905983732
13.74                 6.577520916442153    3.669013998545705
13.75                 6.155157701621014    1.87281064232651
13.76                 6.5509752678418565   3.9766419927370302
13.77                 6.9595939614793885   2.638333980833335
13.780000000000001    6.690511120547394    2.391964385504968
13.790000000000001    6.86035443511727     3.035746823113279
13.8                  7.896422817587606    3.546981150169153
13.81                 6.751681776304751    0.3827311563401621
13.82                 8.021515120921897    1.974840806696572
13.83                 8.137290839588248    1.145829566007166
13.84                 7.791409601775864    1.760498983888785
13.85                 8.671054720619132    1.7339514915179677
13.86                 8.43986335946284     1.8501548848059377
13.870000000000001    8.088980575481191    2.7724974264835702
13.88                 8.208264439029383    1.0804005501800613
13.89                 8.513428018866033    3.963989794552879
13.9                  9.22074797811997     1.8821305817138794
13.91                 9.039330968536795    0.21138123300001688
13.92                 8.849952693005136    2.085219509049391
13.93                 9.784467185440572    1.4622384678495692
13.94                 8.959843865087299    1.6960947318395314
13.950000000000001    10.159610327907199   1.5396077003690805
13.96                 10.574631663275005   3.5190723923831473
13.97                 9.877483333826792    1.5119877947034304
13.98                 9.618332178416555    1.4840329538722297
13.99                 10.12433762587484    2.1367983690964936
14.                   11.040128367718141   1.5891911162194212
14.01                 11.171576499384987   0.7973199386650194
14.02                 11.111984884257057   1.2280398287003704
14.030000000000001    11.35961098037981    2.190126453828731
14.040000000000001    11.503254090835249   3.3959057625996474
14.05                 11.576510544220175   3.234944900854976
14.06                 11.444930912154401   0.9777987987785028
14.07                 11.401075303782925   2.5051866357153942
14.08                 11.941756473815254   1.2772446915716305
14.09                 12.076040112771835   2.6217171789518794
14.1                  12.361774799650606   1.886668626240695
14.11                 12.317783839192275   1.9794903822229193
14.120000000000001    13.394946996280153   2.037247505377642
14.13                 13.036516394656685   0.8331891758135668
14.14                 13.982361557601081   2.5696507147641534
14.15                 13.722602590001433   3.6038240931843895
14.16                 13.985892049280832   2.6880656520901143
14.17                 14.43269148046493    1.7702801062701645
14.18                 14.778856441292616   2.7780417498805106
14.19                 14.505007187722477   3.6244836793495008
14.200000000000001    15.30488908172581    3.223058781025801
14.21                 15.30029670536809    3.845670890121049
14.22                 15.965583615407503   4.423853100261689
14.23                 15.582356538165042   3.591045684388183
14.24                 16.032998586806524   5.056716699304672
14.25                 16.40170917570811    4.449746887790975
14.26                 17.42811882560763    4.942047045869779
14.27                 16.21937252355833    6.138238954268722
14.280000000000001    17.077188283704185   5.544704760833262
14.290000000000001    18.097357103013643   5.5228488580847435
14.3                  17.318488063882153   5.698754355450336
14.31                 18.291689949104715   5.932101175116433
14.32                 18.666082082369904   6.868600114076375
14.33                 17.988212148400024   7.066958206263859
14.34                 19.126640266876237   7.969976684563406
14.35                 19.560465036197346   9.02706181618021
14.36                 18.931789714765817   11.020842015208625
14.370000000000001    18.607519719096786   10.01481035269873
14.38                 19.113758942649447   12.711324061180619
14.39                 20.0166343256353     12.593241251226473
14.4                  19.91526734970021    14.801809316824786
14.41                 20.17430327174393    15.72850034852223
14.42                 19.576011239678845   17.21225196329849
14.43                 20.249125354137934   19.456217995642483
14.44                 19.723799157281643   21.479097846534383
14.450000000000001    19.922787551888224   23.74958198076716
14.46                 19.993274325832992   26.42840382552127
14.47                 20.35780983193414    28.895684611021963
14.48                 18.971083547002923   30.216423814055535
14.49                 19.10694577681588    34.090077039037055
14.5                  18.285486878103203   38.235002626993065
14.51                 18.690713771115476   40.89187607559605
14.52                 18.191523849026684   44.06923956244314
14.530000000000001    17.850818152574394   48.45236356602768
14.540000000000001    16.581064527797093   52.25436101776451
14.55                 16.2942537055308     54.65475212236978
14.56                 15.610661238379468   58.6887668206418
14.57                 15.397116912087569   64.36285261072105
14.58                 14.777082202860809   65.21801505739793
14.59                 13.974431746817624   68.47261873195545
14.6                  13.127189880548059   69.94112859346424
14.61                 13.333517334694267   73.63997544931864
14.620000000000001    11.80568281264288    75.10113556258528
14.63                 10.444064027015925   75.86595421162635
14.64                 10.161121059064422   77.2475873589016
14.65                 9.92278732045648     77.30213074545794
14.66                 9.249385090520615    77.01692172817822
14.67                 8.621772999368309    77.98900745309726
14.68                 8.566054484985095    75.12209643465872
14.69                 7.916351905763804    72.87895693671445
14.700000000000001    8.048377197724307    71.2869299395174
14.71                 7.128471317782882    70.36849502541936
14.72                 7.639218870753141    67.21333182857337
14.73                 6.03135098240986     64.80302562703916
14.74                 6.052969160676842    64.34083247071584
14.75                 5.809616447227855    60.51282630686353
14.76                 5.236623427240325    59.13221977139345
14.77                 5.851905313757525    56.15284845163153
14.780000000000001    5.5512304910118155   54.44812472838677
14.790000000000001    5.1312832188070185   50.80091913321735
14.8                  4.610287216575407    49.283589298354734
14.81                 4.8829416570255      45.816530504643445
14.82                 4.925686841515097    43.282085195347456
14.83                 4.96322097850213     42.43055605247481
14.84                 4.9533805311333845   39.14987007327236
14.85                 4.717421619463484    38.2049334641399
14.86                 4.599223897202421    36.10567875261689
14.870000000000001    4.749000466015784    34.055893996255804
14.88                 4.523584658441836    31.022496835011534
14.89                 4.246424655104089    29.044723067218843
14.9                  4.629691520896734    28.76020388895635
14.91                 4.11728652195212     26.843325642471616
14.92                 4.4272331130362845   24.31277147258993
14.93                 4.694310682241473    23.747505264452585
14.94                 4.400773041239068    22.015929405073738
14.950000000000001    3.7418657053850244   22.1514975200679
14.96                 3.7929607076635894   21.446022840527203
14.97                 4.04065369500863     18.314921632195222
14.98                 4.294607317172945    18.315479113255815
14.99                 4.233087571856139    18.043586565815033
15.                   4.533482023506528    15.338615840865932
